# observed_effect,predicted_effect
7.261305378910000163e-01,7.305163145065307617e-01
7.135515613609999530e-01,6.706809997558593750e-01
5.556080669210000655e-01,7.979643344879150391e-01
7.467301414800000536e-01,6.994463801383972168e-01
8.337474348370000898e-01,7.363509535789489746e-01
5.693433637100000499e-01,7.337659001350402832e-01
7.761139230689999557e-01,7.814525365829467773e-01
9.204164412649999960e-01,7.942073345184326172e-01
8.848705982289999383e-01,7.173675298690795898e-01
7.492927321330000723e-01,6.646322607994079590e-01
6.609021666290000319e-01,7.077572345733642578e-01
7.829164005719999597e-01,6.941952705383300781e-01
1.108266273579999961e+00,7.403994798660278320e-01
5.537897784719999494e-01,8.124002814292907715e-01
7.344831771610000892e-01,7.525922060012817383e-01
7.335070143740000104e-01,8.762870430946350098e-01
8.762233443770000019e-01,8.124002814292907715e-01
1.030380488189999832e+00,8.493586778640747070e-01
5.698933337429999968e-01,7.568156719207763672e-01
7.442184554130000240e-01,7.366453409194946289e-01
1.014975696670000094e+00,8.550705313682556152e-01
8.705002365440001055e-01,8.144525885581970215e-01
9.545473073239999495e-01,9.395625591278076172e-01
7.961342888639999504e-01,9.276791810989379883e-01
9.495433481290000977e-01,8.241991996765136719e-01
7.700500451659999523e-01,9.036464095115661621e-01
9.947857933379999906e-01,9.275070428848266602e-01
1.063750618879999887e+00,9.487601518630981445e-01
9.550306551760000540e-01,9.212429523468017578e-01
9.080906683149999603e-01,9.034218788146972656e-01
7.478607072620000462e-01,8.088597655296325684e-01
7.981964008069999394e-01,8.159387111663818359e-01
6.475043536249999176e-01,8.173580169677734375e-01
8.565132485349998825e-01,8.746731877326965332e-01
7.979051744869999352e-01,7.960851192474365234e-01
8.326408490300000187e-01,7.798562049865722656e-01
8.727927088099999287e-01,8.793187141418457031e-01
9.789935934619999891e-01,8.173580169677734375e-01
8.588456038860000641e-01,8.583540916442871094e-01
7.923333164510000248e-01,7.647897005081176758e-01
7.532310458179999335e-01,7.711277604103088379e-01
8.265398995899999601e-01,8.195078969001770020e-01
7.398346045960000339e-01,8.642294406890869141e-01
9.694549208170000210e-01,8.956309556961059570e-01
8.941165615770000352e-01,8.041732311248779297e-01
8.899738638580000361e-01,8.841565847396850586e-01
9.177609882700000776e-01,9.323177337646484375e-01
9.097795638779999639e-01,8.642294406890869141e-01
7.667622668069999925e-01,7.894293069839477539e-01
7.399270106380000378e-01,8.060319423675537109e-01
7.964885134620000029e-01,7.933320999145507812e-01
1.020133771370000053e+00,8.692791461944580078e-01
7.924831645059999818e-01,8.560677766799926758e-01
1.187025245900000137e+00,8.926386237144470215e-01
9.797913467779999497e-01,8.585933446884155273e-01
6.342547345869999909e-01,7.573927640914916992e-01
6.876985047429999831e-01,8.438379764556884766e-01
8.361914639799999938e-01,8.773913383483886719e-01
7.296463823950000149e-01,7.979072332382202148e-01
9.403576464080000141e-01,8.592647314071655273e-01
8.717645346760000136e-01,7.942965030670166016e-01
1.024994303559999986e+00,8.438379764556884766e-01
7.645857743809999496e-01,7.657265067100524902e-01
6.151345563900000313e-01,8.081010580062866211e-01
7.889118322439999664e-01,7.794821858406066895e-01
9.378237807950000615e-01,8.801892995834350586e-01
6.910203379850000660e-01,8.290416002273559570e-01
9.907953565360000381e-01,8.809655904769897461e-01
6.412761383970000395e-01,8.303741216659545898e-01
9.404260857260000606e-01,8.498800396919250488e-01
9.148088817450000798e-01,8.523570895195007324e-01
1.017535032150000074e+00,8.688116073608398438e-01
9.267048103829998995e-01,8.303741216659545898e-01
5.900196073510000083e-01,8.345713615417480469e-01
6.277335657800000579e-01,7.700324058532714844e-01
6.469366789010000396e-01,8.557324409484863281e-01
7.029146954979998974e-01,7.021486163139343262e-01
8.430245412729999721e-01,7.064771056175231934e-01
8.020796323360001034e-01,6.416628956794738770e-01
5.204178271789999810e-01,6.679995059967041016e-01
9.093682729080000415e-01,6.602765917778015137e-01
8.177004815719999264e-01,6.946917176246643066e-01
5.938707371010000236e-01,6.558533906936645508e-01
7.926285071690000184e-01,6.697341203689575195e-01
6.231024957180000268e-01,7.017347812652587891e-01
6.184565348189999812e-01,6.714360713958740234e-01
8.776705936690000209e-01,7.001464366912841797e-01
6.873699015340000162e-01,7.339878082275390625e-01
7.520814646340000520e-01,8.147450685501098633e-01
6.358021481810000042e-01,7.013283967971801758e-01
6.929599787519999943e-01,6.783430576324462891e-01
5.414210009269999624e-01,5.832880735397338867e-01
5.753770577950000353e-01,7.287043333053588867e-01
6.417804161550000330e-01,6.632084250450134277e-01
7.542199879009999774e-01,7.422755956649780273e-01
7.918083778429999553e-01,7.250638604164123535e-01
5.337327092920000071e-01,5.734755396842956543e-01
1.223667402800000081e+00,7.936166524887084961e-01
6.439634920989999456e-01,7.244254350662231445e-01
4.993657635970000230e-01,6.884726285934448242e-01
6.494107783640000742e-01,7.246715426445007324e-01
5.773608761729999150e-01,6.678752899169921875e-01
8.783569635660000152e-01,7.748001217842102051e-01
8.668260793799998920e-01,6.816540956497192383e-01
6.628456773090000143e-01,6.839427947998046875e-01
7.218386512180000603e-01,6.994701027870178223e-01
7.693846092070000253e-01,6.710242033004760742e-01
5.218097863299999695e-01,6.407277584075927734e-01
7.937362936449999795e-01,5.890802741050720215e-01
5.960807814430000295e-01,6.245309114456176758e-01
1.159038800550000081e+00,6.435167789459228516e-01
7.389248508190000564e-01,6.791108846664428711e-01
6.777081320290000432e-01,6.495872735977172852e-01
5.429311315420000117e-01,5.914154052734375000e-01
5.806899451199999396e-01,5.989286303520202637e-01
8.189673452420000999e-01,6.428630948066711426e-01
5.295332759030000336e-01,5.885396003723144531e-01
7.295708058930000517e-01,5.620754957199096680e-01
3.920360519450000192e-01,5.344650149345397949e-01
8.645438825179999620e-01,6.174865961074829102e-01
8.630139777269999479e-01,7.426751852035522461e-01
7.093561471050000566e-01,7.586700916290283203e-01
6.916461950589999352e-01,6.881581544876098633e-01
7.619273554330000531e-01,7.594921588897705078e-01
9.494597299060000273e-01,8.624068498611450195e-01
4.663037319650000234e-01,6.260204911231994629e-01
5.511809499419999536e-01,6.655160784721374512e-01
5.608013159360000222e-01,8.014664053916931152e-01
8.233398876409999678e-01,8.197304010391235352e-01
5.743156912550000381e-01,7.266644835472106934e-01
7.968821585079999270e-01,8.367576599121093750e-01
1.023316409330000010e+00,7.355362176895141602e-01
9.947320126759999770e-01,8.014664053916931152e-01
9.839786133050000272e-01,8.120819330215454102e-01
6.956542599250000736e-01,7.794157266616821289e-01
1.007836960250000136e+00,8.513650894165039062e-01
7.188076254430000311e-01,6.943088769912719727e-01
7.609041395340000458e-01,6.326298713684082031e-01
5.864725062600000260e-01,6.563163995742797852e-01
5.815072427319999404e-01,6.325265169143676758e-01
5.597657493879999446e-01,4.760172069072723389e-01
6.589768710980000721e-01,6.339025497436523438e-01
6.358269687399999981e-01,6.499351859092712402e-01
9.286718574119999792e-01,7.942948937416076660e-01
8.772235096089999740e-01,8.434930443763732910e-01
6.031272719879999800e-01,6.663978099822998047e-01
8.714839570969999949e-01,7.033118605613708496e-01
8.790081487759999757e-01,7.695444822311401367e-01
6.220319997109999832e-01,7.292249202728271484e-01
5.865905210159999550e-01,6.984754800796508789e-01
5.326212090359999651e-01,7.194951176643371582e-01
6.674116778790000204e-01,6.788185834884643555e-01
5.814968135000000427e-01,7.087077498435974121e-01
4.498952596310000218e-01,7.035233378410339355e-01
1.083996247920000044e+00,7.544180154800415039e-01
7.132937694259999795e-01,7.615185976028442383e-01
6.124376445750000508e-01,7.305548191070556641e-01
1.080495858289999944e+00,7.835676670074462891e-01
6.725393769040000080e-01,7.220825552940368652e-01
5.606206042210000184e-01,6.889818906784057617e-01
6.284732047309999903e-01,6.968767046928405762e-01
6.176863254609999965e-01,7.061628103256225586e-01
7.551367561470000433e-01,8.157051801681518555e-01
7.165159119499999729e-01,7.277609705924987793e-01
5.375012613230000236e-01,7.212885022163391113e-01
7.363740750080000064e-01,6.688914895057678223e-01
6.437580491259999871e-01,7.344853281974792480e-01
6.827181567950000307e-01,7.063767313957214355e-01
9.167638166449999515e-01,7.677422761917114258e-01
7.787815331309999589e-01,7.206664681434631348e-01
9.544847088840000549e-01,7.473027706146240234e-01
7.243668718410000151e-01,6.998302936553955078e-01
6.967960574989999767e-01,7.000634670257568359e-01
6.154486484360000009e-01,6.775052547454833984e-01
7.229590285929999860e-01,8.270037174224853516e-01
8.040267605790000216e-01,7.447286844253540039e-01
6.263940846469999713e-01,7.074141502380371094e-01
5.675752521870000011e-01,7.717403173446655273e-01
1.058523194569999992e+00,7.998266220092773438e-01
6.381827866960000373e-01,7.649353742599487305e-01
9.448271106110001094e-01,8.484007716178894043e-01
4.798788085050000318e-01,6.371417045593261719e-01
4.597312961819999821e-01,7.462671995162963867e-01
1.078269037989999957e+00,7.684062719345092773e-01
8.461169838300000023e-01,7.719253301620483398e-01
8.918260493290000035e-01,7.520283460617065430e-01
1.416663244099999885e-01,3.094350099563598633e-01
-2.443630331040000034e-02,3.646000623703002930e-01
6.474324315600000768e-01,5.702323913574218750e-01
1.105339606140000042e-01,3.363165259361267090e-01
6.651696585080000279e-01,5.154220461845397949e-01
4.754961116900000007e-01,3.558066487312316895e-01
7.797268950579999691e-01,5.088341236114501953e-01
5.227612023040000278e-01,3.646000623703002930e-01
8.962636050910000041e-02,3.794018626213073730e-01
8.085045338299999829e-01,8.050563335418701172e-01
9.270808590519999948e-01,8.385218381881713867e-01
7.056798455580000073e-01,7.890393137931823730e-01
7.491869441570000454e-01,8.300472497940063477e-01
1.012190094900000004e+00,8.385218381881713867e-01
9.999274585009999550e-01,8.255209922790527344e-01
6.731898517359999889e-01,7.188046574592590332e-01
6.917857861460000590e-01,7.018471956253051758e-01
9.338430403790000112e-01,7.769308090209960938e-01
6.236618256739999699e-01,7.871267795562744141e-01
6.239048736860000055e-01,8.017592430114746094e-01
9.238899091619999782e-01,6.748648881912231445e-01
9.601288888249999154e-01,7.962019443511962891e-01
7.740298193999999299e-01,7.069002389907836914e-01
8.712294750689999479e-01,7.779439687728881836e-01
6.994690158409999636e-01,8.091328144073486328e-01
6.611204372929999629e-01,7.664645910263061523e-01
9.270655257409999850e-01,7.718994617462158203e-01
7.776481598340000412e-01,7.047604918479919434e-01
5.129417049180000632e-01,6.500769853591918945e-01
5.155598651389999842e-01,6.866711378097534180e-01
8.657185089550000212e-01,7.055381536483764648e-01
6.421240473220000133e-01,5.564471483230590820e-01
6.122936961630000008e-01,7.170929312705993652e-01
4.895200652269999786e-01,6.645867228507995605e-01
7.369305525079999919e-01,6.585097908973693848e-01
4.430620527069999981e-01,6.583129763603210449e-01
6.328952228980000427e-01,8.902462720870971680e-01
6.543652738920000544e-01,8.302690982818603516e-01
8.437030215499999874e-01,8.516491651535034180e-01
7.146228132600001004e-01,7.822206020355224609e-01
9.842992502670000476e-01,8.458262681961059570e-01
8.259235764319999840e-01,7.977145910263061523e-01
1.071748950589999971e+00,9.039942026138305664e-01
6.478744358190000607e-01,7.604626417160034180e-01
7.586553557390000035e-01,8.302690982818603516e-01
6.293189393150000477e-01,8.295138478279113770e-01
8.693168752940000354e-01,7.355212569236755371e-01
8.168768631599999663e-01,7.898088693618774414e-01
9.206094206649999556e-01,7.859101295471191406e-01
6.675656072890000514e-01,5.798513293266296387e-01
4.999800086289999390e-01,5.584013462066650391e-01
2.360700280050000155e-01,5.515119433403015137e-01
6.167288467970000188e-01,6.176609992980957031e-01
5.375194637960000188e-01,5.149989128112792969e-01
8.101236499820000381e-01,6.002411842346191406e-01
5.641058207050000384e-01,5.714436769485473633e-01
3.266112623199999843e-01,5.799432992935180664e-01
5.009179412680000443e-01,6.361322402954101562e-01
5.952836388319999728e-01,5.515119433403015137e-01
5.734748250289999350e-01,4.440204203128814697e-01
5.244929273170000350e-01,5.303567647933959961e-01
4.613321026989999907e-01,5.229157209396362305e-01
4.673324234699999802e-01,5.667454004287719727e-01
-4.476923726819999338e-02,4.820755422115325928e-01
1.014284078740000039e+00,5.618315339088439941e-01
5.942600075380000124e-01,6.279909014701843262e-01
3.119632740309999930e-01,5.224111676216125488e-01
7.918327121420000170e-01,6.170502901077270508e-01
5.533799860339999599e-01,5.618315339088439941e-01
-6.175436366729999092e-03,4.205577373504638672e-01
3.630607336450000222e-01,5.312905311584472656e-01
5.845723786990000281e-01,6.029785871505737305e-01
7.340276791969999604e-01,5.784352421760559082e-01
4.681178036680000432e-01,3.252425193786621094e-01
1.481043756560000146e-01,2.136843502521514893e-01
2.102111408800000081e-01,1.320153772830963135e-01
-6.290927066239999574e-03,1.108327805995941162e-01
5.471319370439999691e-02,1.143037378787994385e-01
1.703074555809999946e-01,1.150190234184265137e-01
3.060085214209999974e-02,1.572731137275695801e-01
1.793732268899999871e-01,1.111990213394165039e-01
4.051135696360000371e-01,2.884700298309326172e-01
1.276810959230000042e-01,1.176276504993438721e-01
3.637209795169999565e-02,1.183036863803863525e-01
8.413761172179999928e-03,9.878376126289367676e-02
4.937148048269999756e-01,5.878955721855163574e-01
3.314387017739999775e-01,4.733348786830902100e-01
6.781050040189999795e-01,5.913651585578918457e-01
6.293747733300000258e-01,5.331597328186035156e-01
5.111308181009999174e-01,5.301474332809448242e-01
1.984778966299999836e-01,4.443709254264831543e-01
4.933629521850000366e-01,5.015584230422973633e-01
1.316922915179999931e-01,3.763222098350524902e-01
5.914663404240000366e-01,4.733348786830902100e-01
2.928155017519999959e-01,4.865176081657409668e-01
6.662788173429999850e-01,5.344826579093933105e-01
3.016239812120000141e-01,4.929209351539611816e-01
5.600809764230000320e-01,5.421179533004760742e-01
4.785976416570000280e-01,5.760046839714050293e-01
2.376265324650000121e-01,1.662677526473999023e-01
-1.232755714499999926e-02,1.599520444869995117e-01
3.581940970410000397e-02,7.332199811935424805e-02
1.206593833029999951e-01,9.968793392181396484e-02
1.521579639900000058e-01,8.336701989173889160e-02
1.109233024919999977e-01,8.368694782257080078e-02
1.056307752739999994e-01,1.609848737716674805e-01
5.152517231919999385e-02,1.682020127773284912e-01
2.022017340900000293e-01,3.927707672119140625e-03
8.905863566130001185e-02,7.332199811935424805e-02
9.486053484130001212e-02,7.797336578369140625e-02
1.467918185579999979e-01,1.712114810943603516e-01
4.840705248689999851e-02,5.488407611846923828e-02
2.431479923390000020e-01,8.648118376731872559e-02
1.419389374700000261e-01,1.272116303443908691e-01
3.764412438570000075e-02,6.431573629379272461e-02
6.902931689440000573e-01,4.080586731433868408e-01
1.964972141659999949e-01,2.022235095500946045e-01
1.828511091490000184e-01,2.325016558170318604e-01
1.128639146259999976e-01,2.123922407627105713e-01
1.168228240579999994e-01,2.496211528778076172e-01
6.747913394339999371e-03,2.084000408649444580e-01
4.742459577220000111e-01,3.422360420227050781e-01
-2.200346159590000142e-02,1.447933614253997803e-01
5.734043928540000223e-01,2.466323077678680420e-01
2.120904871790000035e-01,2.326755821704864502e-01
1.264530892379999993e-01,2.423731684684753418e-01
5.384248902079999954e-01,4.959139823913574219e-01
5.739870137239999615e-01,5.256640911102294922e-01
4.923871379600000542e-01,3.814559578895568848e-01
6.366063559600000366e-01,5.284352302551269531e-01
1.447975311949999955e-01,4.326192736625671387e-01
3.497395750960000105e-01,4.840234816074371338e-01
5.555624299549999368e-01,5.628625154495239258e-01
6.352031010679999312e-01,4.686364531517028809e-01
8.092771358849999430e-01,5.254137516021728516e-01
7.427425335100000803e-01,4.980250298976898193e-01
4.934440670929999828e-01,4.905223548412322998e-01
2.490131237100000061e-01,2.631664574146270752e-01
1.425035868990000010e-01,2.112326622009277344e-01
2.144082956470000079e-01,2.112326622009277344e-01
1.985604363239999726e-01,1.681230068206787109e-01
2.120242366060000050e-01,3.211671710014343262e-01
1.661201181889999934e-01,2.143833935260772705e-01
1.225996572440000015e-01,1.571746766567230225e-01
7.903415105089999226e-01,8.498218059539794922e-01
1.049666299439999895e+00,8.071555495262145996e-01
4.103603533030000250e-01,7.041778564453125000e-01
7.775401761990000660e-01,7.842830419540405273e-01
6.510291795300000572e-01,7.174353599548339844e-01
5.997653188679999969e-01,8.726397752761840820e-01
6.872685722830000898e-01,7.490287423133850098e-01
7.102730328820000549e-01,8.235303759574890137e-01
1.031875683600000038e+00,8.739925622940063477e-01
7.446841723199999485e-01,8.477717638015747070e-01
1.085943228090000101e+00,8.417117595672607422e-01
6.685599322199999861e-01,7.029481530189514160e-01
9.911192198659999342e-01,8.437581062316894531e-01
6.307175557280000344e-01,3.809734582901000977e-01
4.631886575929999861e-01,1.684652864933013916e-01
-9.419030003560001363e-02,1.125459372997283936e-01
2.207110255570000068e-01,3.184980750083923340e-01
5.166371171159999699e-03,1.481669843196868896e-01
2.465197340270000037e-01,2.232453525066375732e-01
4.106308972110000316e-02,2.465531229972839355e-01
4.161125874980000500e-02,1.451247632503509521e-01
1.046540916579999925e-01,1.684652864933013916e-01
3.591499947849999957e-02,1.117539107799530029e-01
1.386996669679999850e-01,2.427606284618377686e-01
2.026148961080000144e-02,1.595166027545928955e-01
1.397818735370000010e-01,2.799949944019317627e-01
5.763377605219999200e-01,6.306610703468322754e-01
6.279737901459999661e-01,6.129180788993835449e-01
5.485818500619999982e-01,6.307926177978515625e-01
5.234160817040000024e-01,6.190552711486816406e-01
8.275912868610000306e-01,5.825719833374023438e-01
7.957681658840000116e-01,5.822170376777648926e-01
7.932292429399999678e-01,6.739264130592346191e-01
6.249032690260000189e-01,7.168409824371337891e-01
4.858928465219999882e-01,7.101995348930358887e-01
4.038412418819999905e-01,6.127678155899047852e-01
4.402502349719999986e-01,6.023566722869873047e-01
6.551902300940000146e-01,7.050428390502929688e-01
7.664302620849999803e-01,7.696992158889770508e-01
7.954645877629999973e-01,7.604125738143920898e-01
9.144816439810000697e-01,7.792767286300659180e-01
5.627242925159999798e-01,6.436511278152465820e-01
8.440301371730000168e-01,7.208417654037475586e-01
5.195342882129999618e-01,7.222569584846496582e-01
8.971928383059999401e-01,7.807170152664184570e-01
7.536317790780000525e-01,6.764664649963378906e-01
5.612553994839999394e-01,6.453304886817932129e-01
5.748690241999999673e-01,5.730674862861633301e-01
4.448916103970000369e-01,5.723561644554138184e-01
4.337914468260000156e-01,4.062472879886627197e-01
6.956307212710000076e-01,3.778914511203765869e-01
6.628410238499999885e-01,6.130292415618896484e-01
3.972519621569999826e-01,3.815037608146667480e-01
2.835072153570000197e-01,3.950740694999694824e-01
3.843340378779999678e-01,4.664286077022552490e-01
6.264064704410000628e-01,5.438874959945678711e-01
6.615813745680000357e-01,4.047860205173492432e-01
4.241500956170000114e-01,4.062472879886627197e-01
-1.777164263789999740e-03,3.690277338027954102e-01
5.837824717930000240e-01,6.199318170547485352e-01
5.341662328139999971e-01,5.809851884841918945e-01
5.043259565429999425e-01,3.949124217033386230e-01
6.880380666540000245e-01,7.339673638343811035e-01
7.725368311660000264e-01,7.380196452140808105e-01
7.374009142319999377e-01,7.842504382133483887e-01
8.458961695209998854e-01,6.666256785392761230e-01
7.502532643229999909e-01,7.611495256423950195e-01
6.905681147840000422e-01,7.827963829040527344e-01
7.835853492380000507e-01,7.546962499618530273e-01
8.394715428440000515e-01,7.633538246154785156e-01
5.836619957799999980e-01,7.596662640571594238e-01
9.161766068430000631e-01,8.121051788330078125e-01
8.116100189780000029e-01,7.429084777832031250e-01
7.240711142039999437e-01,7.292059659957885742e-01
6.734752360259999016e-01,7.259756326675415039e-01
9.763596447810000134e-01,7.901855707168579102e-01
8.729662551090000555e-01,7.652083635330200195e-01
6.829837617249999715e-01,7.012813687324523926e-01
8.289755885739999997e-01,7.398105263710021973e-01
5.505744303320000421e-01,6.880567073822021484e-01
7.498896463869999529e-01,7.224011421203613281e-01
5.355871497630000366e-01,6.444282531738281250e-01
7.594908310510000149e-01,6.077491044998168945e-01
5.271699347510000466e-01,6.235183477401733398e-01
8.367291957110000178e-01,6.915564537048339844e-01
6.702193866050000226e-01,6.191644668579101562e-01
8.462830835580000821e-01,7.125566005706787109e-01
5.939846503369999864e-01,6.596266031265258789e-01
4.750795507940000495e-01,6.287715435028076172e-01
9.748699664540000365e-01,8.565539121627807617e-01
9.214794388490000765e-01,8.117431998252868652e-01
8.310979863429999170e-01,7.383129000663757324e-01
6.300469806270000417e-01,7.563402056694030762e-01
6.060724297239999947e-01,7.639095783233642578e-01
8.437884234929999838e-01,8.388606309890747070e-01
8.515240868419999831e-01,6.561385989189147949e-01
5.640940531060000263e-01,6.861219406127929688e-01
6.897951313259998996e-01,7.353067398071289062e-01
8.988143367839999121e-01,7.738802433013916016e-01
6.865419056329999936e-01,7.298246622085571289e-01
9.718827121140000136e-01,8.755611181259155273e-01
5.820550896999999724e-01,7.972863912582397461e-01
1.029227749189999930e+00,8.064359426498413086e-01
7.409864586409999898e-01,8.096647262573242188e-01
6.749602793310000015e-01,7.276370525360107422e-01
7.011362814920000242e-01,7.648028135299682617e-01
9.805626634699999844e-01,8.264624476432800293e-01
8.363531372480000892e-01,8.108767867088317871e-01
7.133334790940000225e-01,7.460960745811462402e-01
8.365511520859999495e-01,7.418106198310852051e-01
6.660614938490000414e-01,6.875761747360229492e-01
6.495223288629999869e-01,6.873761415481567383e-01
8.037734849819999638e-01,6.998225450515747070e-01
7.786821984659999529e-01,7.351778745651245117e-01
6.982310638789999135e-01,6.975381970405578613e-01
8.934480041079999602e-01,6.607464551925659180e-01
6.449675623880000153e-01,5.736369490623474121e-01
8.648470533100000024e-01,7.348821163177490234e-01
6.139671610490000653e-01,7.553744316101074219e-01
5.371761316439999101e-01,7.022883892059326172e-01
6.182126658109999839e-01,5.736369490623474121e-01
7.752770725180000433e-01,6.730113625526428223e-01
7.819819904340000738e-01,6.917622089385986328e-01
8.174827294310000880e-01,8.492732048034667969e-01
9.227294159430000642e-01,9.043045043945312500e-01
8.912874885379999945e-01,8.247838020324707031e-01
6.101244192770000074e-01,8.335317373275756836e-01
8.359697871940000580e-01,7.941849827766418457e-01
6.732797665610000815e-01,7.765359878540039062e-01
1.070240427979999964e+00,8.247838020324707031e-01
8.180197450229999001e-01,7.018316984176635742e-01
8.207365191619999667e-01,8.038151264190673828e-01
9.830344272740000333e-01,7.971222400665283203e-01
8.712326443989999447e-01,7.953082919120788574e-01
1.006042187989999892e+00,8.559521436691284180e-01
7.292110405850000809e-01,7.119904160499572754e-01
7.515617798190000753e-01,6.713337898254394531e-01
9.293122855670000737e-01,7.364790439605712891e-01
6.720033643659999445e-01,6.981765627861022949e-01
8.770687736079999519e-01,7.175154685974121094e-01
6.119347005740000123e-01,7.747135162353515625e-01
7.957238465429999907e-01,5.515183210372924805e-01
8.381485058140000222e-01,6.444765925407409668e-01
5.826136902660000727e-01,7.131391167640686035e-01
8.006551767530000197e-01,7.153838276863098145e-01
8.648591320219999323e-01,7.421817183494567871e-01
6.500896625130000439e-01,6.328962445259094238e-01
9.469107424240000848e-01,6.597235202789306641e-01
8.967341312579999446e-01,8.852892518043518066e-01
6.039617586479999467e-01,5.827940106391906738e-01
7.043155841959999330e-01,6.461929082870483398e-01
6.243963105019999515e-01,7.562693357467651367e-01
5.326113231010000115e-01,6.266946792602539062e-01
6.980364695659999619e-01,5.618064403533935547e-01
6.879691635469999955e-01,8.568108081817626953e-01
8.098281429649999419e-01,5.903333425521850586e-01
8.288672534959999894e-01,7.873793840408325195e-01
8.298355733310001092e-01,8.024224042892456055e-01
4.533208505419999979e-01,5.040686130523681641e-01
6.836144589260000348e-01,6.838235855102539062e-01
8.935814362909999531e-01,6.185039281845092773e-01
8.709586975810000853e-01,7.693605422973632812e-01
2.396275923199999713e-01,2.632984519004821777e-01
3.582552467409999553e-01,1.090094149112701416e-01
2.514131547520000176e-02,1.142531931400299072e-01
1.246820307740000022e-01,9.964191913604736328e-02
5.716014872629999743e-01,2.326259315013885498e-01
6.280960467540000480e-02,8.310806751251220703e-02
1.289496096499999911e-01,8.390474319458007812e-02
-8.590906973729999993e-03,6.988039612770080566e-02
5.564001554129999888e-02,9.254398941993713379e-02
6.829997331510000158e-02,1.907857060432434082e-01
-1.493192867889999928e-02,1.090094149112701416e-01
1.263231942920000142e-02,-2.229237556457519531e-02
4.402157508669999886e-01,2.908248901367187500e-01
6.004361897140000036e-03,1.972939968109130859e-01
6.563730593250000078e-02,1.553220450878143311e-01
2.476773555350000183e-02,7.665926218032836914e-02
5.525687626340000103e-01,5.228240489959716797e-01
6.818152290889999412e-01,6.013829112052917480e-01
-1.038873060810000110e-01,2.711678147315979004e-01
-1.156015760800000076e-02,2.711678147315979004e-01
6.172023006479999685e-01,4.630278348922729492e-01
5.237368546339999931e-01,3.794977068901062012e-01
3.405030315879999936e-01,2.497601807117462158e-01
3.148167404669999919e-02,1.736745536327362061e-01
5.723841486699999814e-01,5.569130778312683105e-01
6.493479644490000036e-01,5.634694695472717285e-01
5.511365804779999600e-01,2.711678147315979004e-01
1.034096633390000075e-01,1.492830514907836914e-01
6.357531938179999953e-01,2.784931361675262451e-01
-3.741162005490000081e-02,2.312846481800079346e-01
4.455822771239999480e-01,3.859648704528808594e-01
6.363415841249999705e-01,6.181974411010742188e-01
1.778805687819999815e-01,2.711817622184753418e-01
8.880694213619999555e-02,3.460046052932739258e-01
4.300956462529999941e-02,1.249403953552246094e-01
7.776797123089998487e-02,1.262208819389343262e-01
1.426645259229999962e-02,6.003856658935546875e-02
6.020225253979999067e-03,9.075915813446044922e-02
7.680421324930000737e-02,8.221480250358581543e-02
3.931899735009999897e-02,7.102504372596740723e-02
8.359691485899999053e-02,4.038468003273010254e-02
1.426406297320000072e-01,6.181815266609191895e-02
6.851775944780000294e-02,1.193030774593353271e-01
1.610891093599999824e-01,1.204243898391723633e-01
3.053023329859999926e-02,5.301994085311889648e-02
-3.008800414420000416e-02,9.075915813446044922e-02
9.253929086850000429e-02,9.864705801010131836e-02
2.393567673440000210e-02,9.229576587677001953e-02
5.811406372800000109e-02,8.614921569824218750e-02
3.152297903840000498e-02,1.013580262660980225e-01
4.857129820600000064e-02,5.277451872825622559e-02
3.705913789659999458e-02,8.669972419738769531e-02
9.074274383849999515e-01,7.096740007400512695e-01
7.427475378360000047e-01,6.769983768463134766e-01
6.875996384770000081e-01,6.313311457633972168e-01
5.984195111739999406e-01,5.775870084762573242e-01
8.534930840950000208e-01,6.954656839370727539e-01
6.852749538140000540e-01,7.210760116577148438e-01
6.159148239480000120e-01,6.455159187316894531e-01
8.808673225439998811e-02,4.520581066608428955e-01
6.581802919489999626e-01,6.230157613754272461e-01
6.762996279520000487e-01,6.961842775344848633e-01
5.795330723449999555e-01,6.414195895195007324e-01
5.702732292790000379e-01,6.592501997947692871e-01
5.241903292059999497e-01,5.615765452384948730e-01
7.738372456000000010e-01,5.976313948631286621e-01
8.043738871699999127e-01,6.048650741577148438e-01
2.669430045419999842e-01,5.829951167106628418e-01
4.894303048070000051e-01,5.415841937065124512e-01
1.680070066979999777e-01,3.572258353233337402e-01
5.344878610630000165e-02,3.170783817768096924e-01
8.683657445069999925e-01,6.666172742843627930e-01
5.461410697549999860e-01,3.743567466735839844e-01
7.340472281020000711e-01,2.778223156929016113e-01
8.448565619480000732e-01,5.539634227752685547e-01
1.329549038729999910e-01,2.431271076202392578e-01
9.044425076059999791e-01,5.640026926994323730e-01
7.078986805989999631e-01,5.754115581512451172e-01
7.276292172069999120e-01,6.774979829788208008e-01
1.912537317639999845e-01,4.126284122467041016e-01
6.700939546609999686e-01,5.512536168098449707e-01
3.042691392149999841e-01,5.593494772911071777e-01
2.243780351649999893e-01,4.655907750129699707e-01
9.224682783790000284e-01,6.506991982460021973e-01
5.608233209140000008e-01,4.521921277046203613e-01
4.851269720199999913e-01,4.662623107433319092e-01
6.332140997609999600e-01,6.318270564079284668e-01
5.868304866960000199e-01,5.450479388236999512e-01
8.531716203770000062e-01,5.810491442680358887e-01
6.404233588100000096e-01,5.088347792625427246e-01
7.186514761779999594e-01,4.623167514801025391e-01
2.558596395859999949e-03,3.708274364471435547e-01
1.114525137319999915e-01,4.316687583923339844e-01
9.132487873749999263e-01,7.804700136184692383e-01
9.529965313940000904e-01,8.533850908279418945e-01
7.006237021760000072e-01,7.318594455718994141e-01
9.496647822579998843e-01,7.703679203987121582e-01
7.065159989830001042e-01,7.123261690139770508e-01
8.878388619399999460e-01,7.493662238121032715e-01
1.063658911120000106e+00,7.036480903625488281e-01
7.823113789180000666e-01,7.662705183029174805e-01
1.096992900750000111e+00,8.191772699356079102e-01
9.412148703170000186e-01,7.582533359527587891e-01
1.069618452910000128e+00,7.318594455718994141e-01
5.389615618460000812e-01,7.146115899085998535e-01
6.766688251999999348e-01,7.203481197357177734e-01
9.343994717890000690e-01,7.865695357322692871e-01
1.525843612729999854e-01,3.882578909397125244e-01
1.757377936230000159e-01,3.882578909397125244e-01
8.348337458059998939e-01,5.046570897102355957e-01
6.224469030610000342e-01,6.506104469299316406e-01
6.451474168119999408e-01,6.912286877632141113e-01
1.079015363589999943e+00,7.679129242897033691e-01
7.959275380600000505e-01,5.140278339385986328e-01
7.089658857109999435e-01,3.041979670524597168e-01
5.702247640569999554e-01,4.977567493915557861e-01
5.585862073499999747e-01,6.251367926597595215e-01
6.367749492090000185e-01,6.919738650321960449e-01
6.986508770679999980e-01,8.053396344184875488e-01
6.471002684000000116e-01,8.367708921432495117e-01
6.825177815230000222e-01,7.052674889564514160e-01
1.029358776579999857e+00,8.853898048400878906e-01
7.331896913519999615e-01,8.206690549850463867e-01
8.280814314020000788e-01,7.785873413085937500e-01
8.370381180789999709e-01,7.407289147377014160e-01
9.727922066299998782e-01,8.140555620193481445e-01
7.591009994560000695e-01,7.739145755767822266e-01
5.541696927749999863e-02,3.371791839599609375e-01
1.168859352599999901e-01,3.602938354015350342e-01
6.155569429390000263e-02,3.697445988655090332e-01
7.758311997110001190e-02,3.074708878993988037e-01
2.164034120710000009e-01,2.607812583446502686e-01
3.040877130899999892e-01,2.242103517055511475e-01
5.030893158690000755e-01,3.935168981552124023e-01
5.917410379480000371e-01,2.850657701492309570e-01
5.040451830780000586e-01,4.171179533004760742e-01
1.805548781650000156e-01,1.379062235355377197e-01
4.456913179700000005e-01,3.074708878993988037e-01
6.653122092119999609e-01,3.822491765022277832e-01
1.813609059619999964e-01,3.764639198780059814e-01
1.558865816589999898e-01,3.591799736022949219e-01
2.129592280660000114e-01,2.996773719787597656e-01
7.603161951579999744e-01,3.887856602668762207e-01
5.919681672950000140e-01,4.245939552783966064e-01
8.249913216230000401e-01,7.005540728569030762e-01
7.230765640029999108e-01,7.437427043914794922e-01
5.086526465009999498e-01,6.217443943023681641e-01
4.885854275150000037e-01,6.180506348609924316e-01
7.866289705200000260e-01,7.011994123458862305e-01
7.839890017839999947e-01,6.607345342636108398e-01
5.666455750150000137e-01,6.310762166976928711e-01
7.276940084240000051e-01,5.687025785446166992e-01
5.842039701829999654e-01,6.814010143280029297e-01
7.959843872280000232e-01,7.197999954223632812e-01
5.601550088790000492e-01,5.270636677742004395e-01
6.013411429309999390e-01,5.322466492652893066e-01
5.021508335950000124e-01,6.262224316596984863e-01
6.633783004319999677e-01,6.309621334075927734e-01
6.561239229409999707e-01,6.805735826492309570e-01
6.879994700830001086e-01,6.853814125061035156e-01
5.835268749399999955e-01,5.676125288009643555e-01
5.133615296300000352e-01,5.603398680686950684e-01
7.391878470000000645e-01,7.882467508316040039e-01
8.289514916429999714e-01,7.077212333679199219e-01
1.054939690270000119e+00,7.643877267837524414e-01
9.312784585959998918e-01,8.803448081016540527e-01
6.663331977649999960e-01,6.298428773880004883e-01
5.872451307839999801e-01,6.908923983573913574e-01
7.205148773089999903e-01,6.795896291732788086e-01
5.543099564600000306e-01,6.526685953140258789e-01
7.677033416980000302e-01,6.850482225418090820e-01
7.279681505519999263e-01,7.065466642379760742e-01
7.086064551390000021e-01,5.821526050567626953e-01
8.269145557359999232e-01,7.524881362915039062e-01
6.322212266950000270e-01,6.643019914627075195e-01
6.928700737219999350e-01,6.241659522056579590e-01
1.569140119999999916e-01,5.763041973114013672e-01
7.542202293029999227e-01,5.539119839668273926e-01
6.912876148639999219e-01,7.756319046020507812e-01
8.274488283399998867e-01,5.958366394042968750e-01
5.868049695870000138e-01,4.125940799713134766e-01
6.547300066529999629e-01,7.846604585647583008e-01
6.989361190520000378e-01,6.610136628150939941e-01
7.639262495880000392e-01,5.888894796371459961e-01
7.450377769949999562e-01,5.817227363586425781e-01
3.670644411879999680e-01,5.240501165390014648e-01
5.073627557869999638e-01,4.875645041465759277e-01
1.899252946009999943e-01,3.610138893127441406e-01
3.957778187889999799e-01,4.777870178222656250e-01
4.348471424490000237e-01,4.586583971977233887e-01
3.408097496549999939e-01,3.905829787254333496e-01
7.578117701459999855e-01,5.648147463798522949e-01
6.769303159350000820e-01,4.914575219154357910e-01
6.548584264440000524e-01,5.626292824745178223e-01
4.845053460970000225e-01,3.956145346164703369e-01
1.582285752060000050e-01,4.127331376075744629e-01
5.943650557540000046e-01,5.153183341026306152e-01
1.460488599060000003e-01,3.052794933319091797e-01
8.057745811329999341e-01,5.243459343910217285e-01
2.294281671339999940e-01,5.229029655456542969e-01
5.931911817520000296e-01,4.509529173374176025e-01
5.262875371109999589e-01,5.248876214027404785e-01
5.776107024379999455e-01,5.296077728271484375e-01
9.673013419370000143e-01,5.229029655456542969e-01
6.631091885559999843e-01,5.107274651527404785e-01
5.577331172249999636e-01,5.513961911201477051e-01
6.723817919050000258e-01,4.216725826263427734e-01
6.588878769410000391e-01,5.777072310447692871e-01
9.944158862899998841e-01,5.721859931945800781e-01
4.873181311659999793e-01,3.908691108226776123e-01
6.609341543330000679e-01,3.908691108226776123e-01
2.479251799689999869e-01,3.352245390415191650e-01
8.678810421570000155e-01,4.320779442787170410e-01
2.216194617089999874e-01,4.174657166004180908e-01
1.590124312769999881e-02,3.578877449035644531e-01
2.938900969739999813e-01,3.350924253463745117e-01
3.786529505990000044e-01,4.773973822593688965e-01
5.303673535070000389e-01,4.831781983375549316e-01
1.612919602929999974e-01,1.978648006916046143e-01
6.054721986490000374e-01,4.026242494583129883e-01
-3.878059018539999764e-02,2.513173520565032959e-01
6.484198635879999673e-01,5.608902573585510254e-01
3.259558085120000115e-01,4.457054436206817627e-01
1.613972735320000074e-01,2.830877304077148438e-01
9.343103921180000160e-02,3.177718520164489746e-01
6.211110285449999990e-01,7.255325913429260254e-01
6.724095040960000880e-01,8.075219392776489258e-01
8.467396767589999707e-01,7.786980867385864258e-01
8.537212303239999356e-01,7.057254910469055176e-01
1.020982894210000103e+00,7.984778881072998047e-01
4.994077259610000263e-01,8.575129508972167969e-01
9.743012322149999793e-01,7.518653273582458496e-01
5.168305802849999520e-01,7.057825326919555664e-01
9.991545660730000167e-01,7.439433336257934570e-01
6.583576949100000686e-01,8.244442939758300781e-01
8.950831017239999632e-01,6.344198584556579590e-01
5.170273137949999986e-01,7.253116369247436523e-01
4.681160303180000315e-01,7.398233413696289062e-01
1.003174253109999914e-01,3.538387119770050049e-01
3.601190102619999389e-01,3.170737624168395996e-01
3.673739667710000378e-01,2.720623314380645752e-01
2.192421884109999886e-01,2.654989957809448242e-01
1.515963248770000049e-01,2.185751795768737793e-01
1.829410936870000115e-01,2.540717422962188721e-01
8.605374173389998549e-02,2.287505269050598145e-01
1.839446926960000006e-01,1.989590823650360107e-01
2.829266276740000086e-01,3.295341134071350098e-01
2.893880349390000051e-01,3.005918264389038086e-01
2.186658019190000080e-01,2.654989957809448242e-01
-7.848919433610000718e-02,1.043982803821563721e-01
2.153383231100000073e-01,2.986485362052917480e-01
4.222258071729999562e-01,3.269833922386169434e-01
3.249230114539999881e-01,2.271363735198974609e-01
2.824128937790000293e-01,1.520050168037414551e-01
1.773349791189999802e-01,1.847104132175445557e-01
7.950897781200000347e-02,9.574648737907409668e-02
6.541354631029999559e-05,8.999389410018920898e-02
-1.519525325830000002e-02,7.662183046340942383e-02
2.579553723930000375e-01,1.216318905353546143e-01
3.269547549699999833e-02,9.669387340545654297e-02
2.016352499959999864e-02,1.295466721057891846e-01
-1.046900132679999887e-02,1.092422902584075928e-01
3.340789942990000094e-01,2.850645780563354492e-02
1.989803990640000297e-02,1.847104132175445557e-01
-5.982295162060000115e-02,2.577212452888488770e-02
-3.666736663560000325e-04,1.640536189079284668e-01
1.257007839150000028e-01,1.218026578426361084e-01
2.686833575390000506e-02,4.207304120063781738e-02
5.649284954040000306e-01,4.995760917663574219e-01
5.338247825129999874e-03,3.214597105979919434e-01
3.762709143760000208e-01,5.504528880119323730e-01
3.753423203419999910e-01,3.383839130401611328e-01
1.546428919480000164e-01,2.547003626823425293e-01
3.508214273399999916e-01,1.961743533611297607e-01
5.414215442240000176e-01,6.056498885154724121e-01
6.104517377010000301e-01,5.458143353462219238e-01
4.818540355269999576e-01,3.214597105979919434e-01
1.326170962989999813e-01,1.329899728298187256e-01
4.084308594609999399e-01,2.953415811061859131e-01
5.597145267740000207e-01,3.780525624752044678e-01
3.337288556640000126e-01,4.495814144611358643e-01
7.524264652779999452e-01,6.089543104171752930e-01
9.245167194980001557e-02,2.531926035881042480e-01
2.930352749810000157e-01,3.370236754417419434e-01
6.890659308259999838e-01,7.265989780426025391e-01
6.447557738420000017e-01,5.602706074714660645e-01
6.231144580509999642e-01,6.007006764411926270e-01
5.547260293680000842e-01,5.999672412872314453e-01
6.427689676169999755e-01,5.888327360153198242e-01
8.743909549739999898e-01,6.721425056457519531e-01
4.111443467390000217e-01,5.224618315696716309e-01
6.297766139249999506e-01,6.372497081756591797e-01
6.922667862399999317e-01,3.210125267505645752e-01
2.740657750530000047e-01,3.226344883441925049e-01
6.221714519490000317e-01,5.487277507781982422e-01
2.536026404650000288e-01,2.982518374919891357e-01
2.541375525810000147e-01,2.835334539413452148e-01
3.283775255959999750e-01,2.124073207378387451e-01
8.611420273000000014e-01,7.183818817138671875e-01
5.426199219100000803e-01,3.210125267505645752e-01
1.643295430829999904e-01,1.471520662307739258e-01
7.032911941300000747e-01,3.436128199100494385e-01
1.099692887160000077e-01,1.301186084747314453e-01
3.642391113099999744e-01,3.801208138465881348e-01
3.909658019479999580e-01,4.622761309146881104e-01
4.300190081750000504e-01,7.058151960372924805e-01
5.140506379070000076e-01,4.827068746089935303e-01
8.374386750410000024e-01,6.119072437286376953e-01
7.005355416879999186e-01,6.763460636138916016e-01
6.922865805800000327e-01,2.959213256835937500e-01
2.465500129089999992e-01,5.692201256752014160e-01
9.100906438799999387e-01,3.718418180942535400e-01
9.811497079209999805e-01,3.112024366855621338e-01
8.975984013219999724e-01,7.216963171958923340e-01
5.691407861980000288e-02,2.637784481048583984e-01
6.327176908830000057e-01,6.252927184104919434e-01
9.059047963779999213e-01,3.217575848102569580e-01
6.709603558560000014e-01,3.816480040550231934e-01
1.875386033780000001e-03,1.954605281352996826e-01
5.147197369449999504e-01,4.669781029224395752e-01
8.633432573209999239e-01,6.136816740036010742e-01
4.000030199059999569e-01,3.622498512268066406e-01
4.721118332600000578e-01,4.280045032501220703e-01
6.429288957659999859e-01,7.559781074523925781e-01
7.310064627310000063e-01,8.199669718742370605e-01
6.153792896040000127e-01,6.070743203163146973e-01
4.446194046649999954e-01,6.903880834579467773e-01
6.410902328069999490e-01,7.085728645324707031e-01
7.912387926489999890e-01,6.146133542060852051e-01
6.631971543100000366e-01,6.801280379295349121e-01
7.056002712409999988e-01,6.785429716110229492e-01
6.416917400249999570e-01,7.317742109298706055e-01
8.531132133329999423e-01,6.903880834579467773e-01
3.277387060159999699e-01,3.803901076316833496e-01
6.291710541589999872e-01,7.174650430679321289e-01
6.256438753109999640e-01,6.505395174026489258e-01
7.795114082879999184e-01,7.136663198471069336e-01
9.168364237379998949e-01,7.824552059173583984e-01
8.308205008910000133e-01,6.665024161338806152e-01
8.238443779940000100e-01,5.633051991462707520e-01
7.718318756640000222e-01,6.779083013534545898e-01
5.793036828119999537e-01,6.760556697845458984e-01
5.344080404040000287e-01,5.254031419754028320e-01
3.469822230499999827e-01,6.176846623420715332e-01
7.537469119959999686e-01,5.969622135162353516e-01
6.580780956120000358e-01,7.017563581466674805e-01
7.742260107649999723e-01,5.159704685211181641e-01
8.435981945700000706e-01,6.241917610168457031e-01
5.599308904240000162e-01,6.101889610290527344e-01
8.671302779999999766e-01,7.321280241012573242e-01
7.499723232019999131e-01,6.402139067649841309e-01
7.026217424959999569e-01,3.879302740097045898e-01
5.073464009849999456e-01,5.913860201835632324e-01
7.857059097059999608e-01,6.776985526084899902e-01
5.595663570059999925e-01,6.346113681793212891e-01
2.893299257580000394e-01,5.779991745948791504e-01
4.862245706650000221e-01,5.611054301261901855e-01
1.016279468250000040e+00,8.512716293334960938e-01
5.761550473069999567e-01,7.043908834457397461e-01
6.151482505909999787e-01,7.913384437561035156e-01
8.531153496500000211e-01,6.571026444435119629e-01
6.715546786460000472e-01,7.887610197067260742e-01
1.048147689810000172e+00,9.223121404647827148e-01
7.659373647620000281e-01,7.529652118682861328e-01
9.360369269580001150e-01,6.966395378112792969e-01
1.000164154599999966e+00,8.531590104103088379e-01
6.924433733900000609e-01,7.297159433364868164e-01
8.858145290309999975e-01,7.908270359039306641e-01
5.557623713960000433e-01,7.748183608055114746e-01
9.639718224500000154e-01,8.479675054550170898e-01
6.726271767300000537e-01,7.044817805290222168e-01
9.501343120399999842e-01,7.570418119430541992e-01
5.170840511930000494e-01,6.640052795410156250e-01
4.996495203000000385e-01,6.612228155136108398e-01
7.243466436700000122e-01,7.849936485290527344e-01
8.890582715080000975e-01,7.557655572891235352e-01
9.332947820489999602e-01,8.665176630020141602e-01
1.366925063990000189e-01,4.454584121704101562e-01
9.414160516039999926e-01,7.046306133270263672e-01
6.393845359349999979e-01,7.273616790771484375e-01
9.024616442349999712e-01,7.164449095726013184e-01
8.443566962469999382e-01,7.257611155509948730e-01
8.836435807709999146e-01,7.384444475173950195e-01
9.476329491969999186e-01,7.705130577087402344e-01
7.645070769439999969e-01,6.912573575973510742e-01
6.960631904629999145e-01,6.776406764984130859e-01
6.242493944089999580e-01,7.185150980949401855e-01
7.008635111459999845e-01,7.214086055755615234e-01
6.728813505249999771e-01,6.567367315292358398e-01
5.177912161800000135e-01,5.538700222969055176e-01
6.169414874499999923e-01,6.817455291748046875e-01
5.529375577380000184e-01,6.476925611495971680e-01
7.318001346929999817e-01,6.644420623779296875e-01
6.781736870419999841e-01,7.274407744407653809e-01
8.074965786489999298e-01,7.435547113418579102e-01
1.002127329989999982e+00,8.818840980529785156e-01
1.019769626270000007e+00,9.560290575027465820e-01
6.447162710070000191e-01,8.034672737121582031e-01
6.828370346040000261e-01,7.594542503356933594e-01
1.036922821379999915e+00,7.828491330146789551e-01
7.616573695569999192e-01,8.189851045608520508e-01
9.894056126329999756e-01,8.482712507247924805e-01
1.198535407590000101e+00,8.728495836257934570e-01
9.319220082619998902e-01,7.508445978164672852e-01
6.185349960389999735e-01,7.457362413406372070e-01
8.345949859810000149e-01,7.461519837379455566e-01
9.058552393759999877e-01,7.147584557533264160e-01
6.205570088449999799e-01,6.873065233230590820e-01
7.804931106329999757e-01,7.416850924491882324e-01
1.129703038829999784e+00,8.136069774627685547e-01
6.106593077719999485e-01,6.173419356346130371e-01
9.253553177169999699e-01,6.799228787422180176e-01
5.765171874510000016e-01,7.252225875854492188e-01
6.428456284100000362e-01,7.507171630859375000e-01
6.593845433519999188e-01,6.871521472930908203e-01
8.346552164980000077e-01,6.724867224693298340e-01
9.627520533730000718e-01,6.925763487815856934e-01
-9.965431065129998905e-03,3.068965971469879150e-01
4.931003904110000113e-01,5.799658894538879395e-01
1.878500467339999924e-01,3.279866576194763184e-01
2.732801027539999983e-01,2.428025603294372559e-01
1.687936699520000139e-01,2.093893885612487793e-01
8.399554316889999983e-01,6.756309270858764648e-01
5.934517178279999916e-01,6.222895383834838867e-01
5.567628218160000086e-01,2.876785993576049805e-01
-6.994199128780000108e-02,1.096531152725219727e-01
5.638857709300000298e-01,2.876785993576049805e-01
2.523539807520000164e-02,1.187406778335571289e-01
5.642786041990000001e-01,4.194103181362152100e-01
8.097590917899999408e-01,6.915185451507568359e-01
1.688505957470000096e-01,1.865472495555877686e-01
6.802581447899999634e-02,3.638426661491394043e-01
7.226220512319999623e-01,6.522851586341857910e-01
-2.311450694820000196e-03,2.398132681846618652e-01
4.975231154979999904e-01,5.420708656311035156e-01
3.247561239020000518e-02,2.903309464454650879e-01
3.986603287240000036e-03,2.898575067520141602e-01
5.132873525639999324e-01,5.940327048301696777e-01
6.297938214089999764e-01,3.054298460483551025e-01
9.196219932470000025e-01,2.528714537620544434e-01
2.200619876100000094e-01,3.488365411758422852e-01
7.042150840049999916e-01,6.776612997055053711e-01
6.450967409510000028e-01,9.090986251831054688e-01
5.369260950890000217e-01,9.185276627540588379e-01
9.154764131139999650e-01,9.184748530387878418e-01
1.071104148979999948e+00,9.180122017860412598e-01
1.026802258410000057e+00,8.430931568145751953e-01
9.809003345000000262e-01,8.991793394088745117e-01
9.553174694379999998e-01,9.646441936492919922e-01
1.126879858520000166e+00,9.184748530387878418e-01
1.015010932060000037e+00,9.140551090240478516e-01
7.327644163830000501e-01,8.590301871299743652e-01
9.074595977779998934e-01,8.709591031074523926e-01
6.498181654300000387e-01,8.864372968673706055e-01
8.414056238879999983e-01,7.430713772773742676e-01
4.423917161270000120e-01,6.430130600929260254e-01
5.750623066489999324e-01,7.685068845748901367e-01
9.463706854039999339e-01,7.314587831497192383e-01
8.863042224560000459e-01,8.173552155494689941e-01
6.847720178799999724e-01,7.330288887023925781e-01
5.476062242339999608e-01,6.430130600929260254e-01
7.990717597800000016e-01,5.288122296333312988e-01
6.100540700659999871e-01,6.634587049484252930e-01
4.561110850320000409e-01,5.197976827621459961e-01
6.150487476939999754e-01,7.667102217674255371e-01
4.562370838950000063e-01,6.890602111816406250e-01
6.679569454819999086e-01,6.883934140205383301e-01
8.102788641769999023e-01,8.018320798873901367e-01
9.737847633969999306e-01,7.589131593704223633e-01
7.579970592700000509e-01,7.094683647155761719e-01
6.229273172229999878e-01,7.444316148757934570e-01
6.225740351849999854e-01,7.676295042037963867e-01
1.017626689789999928e+00,7.820420265197753906e-01
6.470006583420000457e-01,7.695466279983520508e-01
8.684654323440000878e-01,8.647128343582153320e-01
6.673825518479999941e-01,8.336763381958007812e-01
9.953381145870000557e-01,7.652484178543090820e-01
9.788663420769999624e-01,9.059824943542480469e-01
9.904756713519999867e-01,8.574661016464233398e-01
5.466869353880000615e-01,7.137845754623413086e-01
8.511903323930000154e-01,7.696453928947448730e-01
8.277582006710000329e-01,7.389805316925048828e-01
9.623498699760000274e-01,8.110473752021789551e-01
3.135788327239999885e-03,4.599484801292419434e-01
6.247685975729999619e-01,6.610633730888366699e-01
6.790745049339999007e-01,5.654427409172058105e-01
4.534167231990000047e-01,3.651103377342224121e-01
7.912465941199999797e-01,6.773393154144287109e-01
5.861772976819999981e-01,4.599484801292419434e-01
5.039215002860000236e-01,4.742394089698791504e-01
6.042593121050000571e-01,5.752726197242736816e-01
5.883362432790000263e-01,7.217608690261840820e-01
3.763458329300000682e-01,4.596213698387145996e-01
4.682991871589999855e-01,5.441254973411560059e-01
1.019277644420000017e+00,9.309391379356384277e-01
9.602955399169998962e-01,9.448875188827514648e-01
8.611904925220000839e-01,9.068688154220581055e-01
8.904855628370000886e-01,9.068688154220581055e-01
6.261364736190000446e-01,8.311470746994018555e-01
8.154174084049999882e-01,8.865147829055786133e-01
1.003736207039999995e+00,9.035076498985290527e-01
6.344873712269999411e-01,8.586688041687011719e-01
1.056741808279999972e+00,9.068688154220581055e-01
8.356620361130000507e-01,8.588920831680297852e-01
9.499064383239999021e-01,8.998022675514221191e-01
5.969726651780000726e-01,8.988054990768432617e-01
7.694218823919999339e-01,8.179441690444946289e-01
1.001746363420000119e+00,8.993740677833557129e-01
6.999499416130000595e-01,7.681032419204711914e-01
7.160803287379999826e-01,6.921274065971374512e-01
7.219853789149999201e-01,7.148913145065307617e-01
7.874549453320000003e-01,6.625126600265502930e-01
5.905549267949999903e-01,7.198049426078796387e-01
6.890594729060000034e-01,7.176908850669860840e-01
1.041716003149999903e+00,8.091791868209838867e-01
7.059027650720000047e-01,7.095991373062133789e-01
7.386892274840000105e-01,5.534561276435852051e-01
5.200427850219999648e-01,6.797349452972412109e-01
8.083164055029999906e-01,8.206750154495239258e-01
5.183271134900000465e-01,7.093261480331420898e-01
8.624032027689999547e-01,7.281997203826904297e-01
9.083272203829999558e-01,6.903616189956665039e-01
6.897091837809998793e-01,6.953550577163696289e-01
9.321026969320000966e-01,7.474213242530822754e-01
5.879497601919999594e-01,7.089290618896484375e-01
8.366586506129999323e-01,8.251174092292785645e-01
7.951643143639999245e-01,7.093261480331420898e-01
6.888067573139999844e-01,6.062680482864379883e-01
6.077503078190000796e-01,6.534386873245239258e-01
4.888571360409999511e-01,6.907549500465393066e-01
6.064290919579999883e-01,6.845451593399047852e-01
7.592811148689999623e-01,7.298040390014648438e-01
8.088260159850000353e-01,7.403471469879150391e-01
8.860543696889999765e-01,7.987354993820190430e-01
8.567698219399999537e-01,7.502546310424804688e-01
7.587036688609999358e-01,7.746220231056213379e-01
8.572325700130000170e-01,8.279514312744140625e-01
5.817520514199999715e-01,7.403471469879150391e-01
6.518194908840000412e-01,7.276784181594848633e-01
5.843708148560000648e-01,7.048974037170410156e-01
8.293606641580000272e-01,7.574647665023803711e-01
7.469100097300001018e-01,8.113485574722290039e-01
8.682997151710000194e-01,8.749052286148071289e-01
9.836812488210000538e-01,8.121616840362548828e-01
7.640701213739999886e-01,7.669848799705505371e-01
7.551493706669999417e-01,7.732203006744384766e-01
1.029675515979999956e+00,8.740195035934448242e-01
6.371326006710000822e-01,8.218059539794921875e-01
5.394695188149999376e-01,6.988548636436462402e-01
9.816598634289999126e-01,8.226240277290344238e-01
6.218622835710000407e-01,7.336025834083557129e-01
1.066861064570000073e+00,8.027609586715698242e-01
8.582352506599999487e-01,7.932019829750061035e-01
8.609091711509999634e-01,8.528701066970825195e-01
6.441164674260000389e-01,7.594243288040161133e-01
7.893519392839999371e-01,7.551422119140625000e-01
5.844820876569999379e-01,7.490092515945434570e-01
7.825695873999999330e-01,7.398510575294494629e-01
9.766265955670000443e-01,7.401528358459472656e-01
8.083480930399998821e-01,7.222158312797546387e-01
6.588759330439999395e-01,7.485525012016296387e-01
7.046357740749999987e-01,7.555223703384399414e-01
7.594968614770000181e-01,7.746661305427551270e-01
8.608641483469999800e-01,8.224108815193176270e-01
6.067472440410000001e-01,7.871770262718200684e-01
8.619075751320000034e-01,7.238113880157470703e-01
6.841883570819998761e-01,7.076697349548339844e-01
8.099526202490000548e-01,7.999384999275207520e-01
9.260796826989999841e-01,7.993092536926269531e-01
8.306340836910000025e-01,7.559643983840942383e-01
8.805198516689999311e-01,7.677029371261596680e-01
9.094728256460000715e-01,7.618794441223144531e-01
6.409627146709999668e-01,7.290766239166259766e-01
9.314618038339999018e-01,6.967581510543823242e-01
8.965757114369999892e-01,8.571574687957763672e-01
8.256497194920000560e-01,7.926009297370910645e-01
6.849594819209999796e-01,6.870973706245422363e-01
6.336212010630000169e-01,7.443957328796386719e-01
5.843286145480000027e-01,6.486122012138366699e-01
6.719786538490000183e-01,7.992253303527832031e-01
8.013371242229999636e-01,8.461643457412719727e-01
9.676821955879999493e-01,7.731175422668457031e-01
7.722198071590000712e-01,6.309817433357238770e-01
6.081942542360000425e-01,6.196199655532836914e-01
7.912415534970000941e-01,7.708036899566650391e-01
9.143095414810000765e-01,7.441655397415161133e-01
8.703605930279999514e-01,7.406664490699768066e-01
8.810068896789999826e-01,7.576165199279785156e-01
1.007307696579999856e+00,8.388872146606445312e-01
8.338762873070000303e-01,8.318628072738647461e-01
5.946823908749999665e-01,5.739051103591918945e-01
6.991694044230000182e-01,5.408908128738403320e-01
5.630667875399999467e-01,7.289942502975463867e-01
5.905560617849999749e-01,5.851889848709106445e-01
7.040681102979999828e-01,7.843898534774780273e-01
7.871146661310001180e-01,5.983631610870361328e-01
6.705263218770000089e-01,6.719613075256347656e-01
8.574370087790000872e-01,6.327509880065917969e-01
8.685916979579999531e-01,7.153112888336181641e-01
6.672914421149999109e-01,7.060508728027343750e-01
9.780508598720000224e-01,7.876984477043151855e-01
1.434761240559999929e-01,4.721194505691528320e-01
4.534036183869999403e-01,5.924604535102844238e-01
5.107379986590000476e-01,6.286258697509765625e-01
2.960439990679999966e-01,5.421233177185058594e-01
5.635151356440000203e-01,5.068535208702087402e-01
4.227257085949999715e-01,5.304575562477111816e-01
4.496787185300000211e-01,5.236386656761169434e-01
6.589048015420000404e-01,7.270882129669189453e-01
7.447512312130000200e-01,7.083571553230285645e-01
5.591467425839999894e-01,6.653670072555541992e-01
6.645467501039999947e-01,7.176331877708435059e-01
4.547637234969999498e-01,5.698952078819274902e-01
7.002031284849999926e-01,6.328336596488952637e-01
6.645561722489999879e-01,6.486628055572509766e-01
5.997101935010000773e-01,5.914154052734375000e-01
9.097338825499999837e-01,7.187560796737670898e-01
6.541624719309999669e-01,5.621207356452941895e-01
8.169747373180000771e-01,6.785663366317749023e-01
5.620991936379999832e-01,6.143169403076171875e-01
4.628886037030000011e-01,5.835226178169250488e-01
4.411885974100000496e-01,6.113758683204650879e-01
5.677416653329999674e-01,7.247323989868164062e-01
5.230886820449999197e-01,4.568277299404144287e-01
3.742006765970000148e-01,4.401911497116088867e-01
3.801117894640000383e-01,3.950464725494384766e-01
3.017090962400000298e-01,3.351755142211914062e-01
4.809743687770000053e-01,5.942285656929016113e-01
2.602503433660000032e-01,6.024984717369079590e-01
6.357657593659999939e-01,4.184127151966094971e-01
5.919039355059999563e-01,5.284348130226135254e-01
4.816343216399999738e-01,4.638784825801849365e-01
4.182140394740000433e-01,4.677095413208007812e-01
3.272829482140000024e-01,3.621149063110351562e-01
5.580038192389999985e-01,4.588765203952789307e-01
5.763597459110000321e-01,6.000828742980957031e-01
5.924943307700000217e-01,3.844005167484283447e-01
3.107106783940000172e-01,4.691621959209442139e-01
7.441968721680000121e-01,4.903443455696105957e-01
5.389038720940000360e-01,4.588765203952789307e-01
2.143859113260000032e-02,2.166009843349456787e-01
6.007117892819999749e-01,4.924970269203186035e-01
2.208839392570000060e-01,4.380460381507873535e-01
5.969843446279999855e-01,5.859651565551757812e-01
4.751701322090000068e-01,5.079439282417297363e-01
5.992943343399999012e-01,6.015083789825439453e-01
3.130933149519999903e-01,3.124460875988006592e-01
2.779371220279999721e-01,3.026986420154571533e-01
5.838882724439999894e-01,5.460346937179565430e-01
3.876813611509999369e-01,3.350669741630554199e-01
3.656405836350000160e-01,2.837716042995452881e-01
1.004904369549999982e-01,2.154334783554077148e-01
5.243234151300000256e-01,3.124460875988006592e-01
3.841056986440000154e-01,3.682368993759155273e-01
3.269500648829999911e-01,4.910654723644256592e-01
5.327255232540000218e-01,6.105639338493347168e-01
1.815699198319999930e-01,3.296932578086853027e-01
5.833254966130000385e-01,4.611280262470245361e-01
8.416605334100000224e-01,7.164037227630615234e-01
4.627020493819999913e-01,4.142312407493591309e-01
3.236007533620000043e-01,4.559086561203002930e-01
4.453922579159999562e-01,5.947052836418151855e-01
6.396666546809999243e-01,4.887527227401733398e-01
6.424852673759999799e-01,6.962865591049194336e-01
5.159878007079999884e-01,3.842199444770812988e-01
6.285413842100000537e-01,5.752539634704589844e-01
3.917819853109999473e-01,4.160996973514556885e-01
2.849999247409999992e-01,2.785410583019256592e-01
4.268247777610000293e-01,5.100128054618835449e-01
5.973141876840000197e-01,5.927794575691223145e-01
9.578879445269999904e-01,7.213442325592041016e-01
9.331970288800000013e-01,7.929685115814208984e-01
8.591565865200001539e-01,6.716928482055664062e-01
5.122165454429999931e-01,7.667585611343383789e-01
2.298363521500000062e-01,6.910127997398376465e-01
7.605556538369999675e-01,7.716479897499084473e-01
9.584972630110000225e-01,8.352142572402954102e-01
-6.176420984900000272e-03,6.369612216949462891e-01
9.104471292399999305e-01,7.267353534698486328e-01
8.880044875070000066e-01,7.412482500076293945e-01
5.009155191879999247e-01,6.710543632507324219e-01
7.099602250459999819e-01,8.744844198226928711e-01
7.600993049179999295e-01,8.824852705001831055e-01
1.033504871779999945e+00,8.542286753654479980e-01
7.381225713699999247e-01,8.432933092117309570e-01
6.588361260080000115e-01,6.937910914421081543e-01
1.009222403870000173e+00,8.342012166976928711e-01
8.031429318160000497e-01,7.614060640335083008e-01
8.279997657070000683e-01,8.692331314086914062e-01
6.685446403910000335e-01,7.014263868331909180e-01
9.742520249269999155e-01,7.473402619361877441e-01
9.621064278859999819e-01,8.206208944320678711e-01
8.861033280850000304e-01,8.288303613662719727e-01
8.505204636359999792e-01,7.741816043853759766e-01
5.901547996320000156e-01,7.336691617965698242e-01
5.688853670399999229e-01,7.654023170471191406e-01
9.352394720810001116e-01,8.088742494583129883e-01
2.268745561530000066e-01,6.229791641235351562e-01
9.973610221330000414e-01,6.287056207656860352e-01
7.750845442329999946e-01,7.571578621864318848e-01
8.037542938580000129e-01,6.439188122749328613e-01
6.214030695220000844e-01,7.053470611572265625e-01
6.529691440860000418e-01,6.592388749122619629e-01
6.315707074999999948e-01,5.678997039794921875e-01
2.104501121469999902e-01,6.385095119476318359e-01
7.846481722529999869e-01,6.972945928573608398e-01
8.072837009589999002e-02,4.061103463172912598e-01
8.375677994469999943e-01,5.376974344253540039e-01
7.600345436600000060e-01,5.269305109977722168e-01
4.660233508489999843e-01,5.548167228698730469e-01
6.107806065090000125e-01,5.812543630599975586e-01
6.128606397689999596e-01,6.253521442413330078e-01
5.755599087070000230e-01,5.144040584564208984e-01
6.959872481129999455e-01,6.035321950912475586e-01
3.812889376519999485e-01,6.001818180084228516e-01
6.661262683580000399e-01,5.670049786567687988e-01
8.117792638380000314e-01,5.628218054771423340e-01
6.153116073309999878e-01,6.866424679756164551e-01
7.244390877359999648e-01,6.682657599449157715e-01
3.909197000390000065e-01,5.301685929298400879e-01
3.710529001110000058e-01,5.382018089294433594e-01
6.031917555479999749e-01,6.085882782936096191e-01
8.117627033550000037e-01,7.248354554176330566e-01
6.770316981910000642e-01,6.674373149871826172e-01
8.175234070090000582e-01,6.468710899353027344e-01
7.419238969550000506e-01,6.532064080238342285e-01
6.992646300789999714e-01,6.009912490844726562e-01
5.392242843630000726e-01,5.974825620651245117e-01
5.257450009740000096e-01,5.430439114570617676e-01
6.049295392189999454e-01,5.715559720993041992e-01
5.647630611139999868e-01,7.438796758651733398e-01
1.027666529049999999e+00,8.244998455047607422e-01
4.848193494169999451e-01,6.521574854850769043e-01
7.143395785380000085e-01,6.521574854850769043e-01
8.319844993289999824e-01,6.501525640487670898e-01
6.416660909810000257e-01,6.841821074485778809e-01
6.344070744340000179e-01,6.411139965057373047e-01
7.958007187780000713e-01,6.387777924537658691e-01
8.986094895360000612e-01,8.033081293106079102e-01
5.331981935580000220e-01,6.883298158645629883e-01
4.327849175840000062e-01,4.735938906669616699e-01
7.260918030459999617e-01,6.814953088760375977e-01
6.357448248510000344e-01,6.835911870002746582e-01
7.966955984260000179e-01,7.041499018669128418e-01
5.166150733509999871e-01,1.629515290260314941e-01
3.718861371309999941e-01,1.685431599617004395e-01
3.185525842920000072e-01,1.875216364860534668e-01
1.645679566489999801e-01,1.139018237590789795e-01
8.951187286410000610e-02,8.023601770401000977e-02
-3.909196771809999790e-03,8.054086565971374512e-02
-9.612845245329999008e-04,6.568998098373413086e-02
4.457434990310000372e-02,1.309190988540649414e-01
1.145811930040000065e-01,1.976991891860961914e-01
2.941366534170000019e-02,8.688154816627502441e-02
1.074929561460000044e-01,1.068011820316314697e-01
-7.222801485200000537e-02,3.721463680267333984e-02
9.847860564249999449e-02,1.489308476448059082e-01
7.299066203639999195e-02,1.174965202808380127e-01
5.245633496980000032e-01,1.170602738857269287e-01
6.293484707020000068e-02,7.226437330245971680e-02
1.833062686770000130e-02,6.835642457008361816e-02
4.925739855349999807e-01,5.537171959877014160e-01
4.271290591000000136e-02,1.696316003799438477e-01
3.186482126669999970e-01,2.058592140674591064e-01
7.933640238590000671e-01,4.862804114818572998e-01
4.519715480009999786e-01,2.032048106193542480e-01
5.094657469559999985e-01,5.057352185249328613e-01
4.813514170440000295e-01,2.009930312633514404e-01
3.602714627869999658e-02,8.203703165054321289e-02
6.056914084169999768e-01,3.500822782516479492e-01
-4.134127901009999884e-02,1.185691654682159424e-01
4.882776770100000774e-01,4.704714119434356689e-01
3.136432878659999868e-01,3.372312486171722412e-01
5.168986312859999988e-01,7.624239921569824219e-01
1.043040127929999894e+00,6.844466924667358398e-01
6.576320946899999464e-01,7.089550495147705078e-01
7.185773405940000247e-01,7.424782514572143555e-01
3.574405895650000220e-01,6.488638520240783691e-01
5.756860464190000082e-01,6.803489327430725098e-01
1.093278586250000073e+00,7.162885069847106934e-01
8.927612614500000099e-01,7.270795702934265137e-01
9.383565992290000546e-01,7.141788601875305176e-01
6.596280920279999904e-01,6.757530570030212402e-01
9.351028694159999599e-01,7.627480626106262207e-01
7.374568404289999490e-01,7.426807284355163574e-01
5.827102427650000527e-01,5.730118751525878906e-01
8.331065261839999403e-01,8.045222759246826172e-01
5.765668786940000290e-01,6.864287853240966797e-01
8.170282258789999252e-01,6.436301469802856445e-01
6.747449446610001011e-01,6.625559329986572266e-01
7.824554097170000055e-01,7.266349792480468750e-01
6.872028500280000785e-01,6.939682960510253906e-01
6.443022848670000302e-01,7.436729669570922852e-01
7.847415254629999115e-01,7.876811027526855469e-01
3.498735684359999820e-01,5.188238024711608887e-01
3.863981305799999988e-01,5.145468711853027344e-01
9.249056928929999533e-01,7.575095891952514648e-01
8.126378128610000084e-01,5.808260440826416016e-01
7.478351446379999379e-01,6.414771080017089844e-01
6.585917102459999395e-01,8.132100701332092285e-01
2.084318943560000137e-01,4.781477451324462891e-01
6.608872464089999843e-01,6.919300556182861328e-01
5.032339861800000369e-01,5.145468711853027344e-01
5.197689741730000534e-01,3.915364444255828857e-01
6.045664640030000703e-01,5.346395373344421387e-01
3.298547887459999939e-01,3.937407732009887695e-01
5.825004557189999987e-01,7.193076014518737793e-01
6.780245205570000211e-01,7.153329253196716309e-01
5.788619527939999898e-01,5.572919249534606934e-01
8.922815052359999166e-01,7.022488117218017578e-01
8.223188927509998969e-01,8.755823969841003418e-01
8.532122328519999854e-01,6.780104041099548340e-01
6.506936713190000221e-01,6.520695090293884277e-01
8.668329832300000204e-01,8.135925531387329102e-01
7.687971793210000016e-01,6.522233486175537109e-01
9.238844410459999823e-01,9.108960032463073730e-01
6.338759561800000331e-01,6.156861782073974609e-01
6.448109239820000171e-01,7.956246137619018555e-01
7.938378556559999577e-01,6.520695090293884277e-01
4.330289046999999947e-01,5.153847336769104004e-01
5.934475062669999357e-01,6.705875992774963379e-01
5.255775467480000573e-01,5.268206000328063965e-01
9.217226360810000241e-01,7.801616191864013672e-01
6.297325935990000234e-01,7.913178205490112305e-01
5.867120790149999987e-01,6.597040891647338867e-01
7.014661326140000375e-01,7.272731065750122070e-01
1.034719007959999937e+00,9.205612540245056152e-01
9.310296255920000874e-01,7.477265596389770508e-01
6.649564607310000097e-01,7.028225660324096680e-01
9.373015799899999667e-01,8.459675312042236328e-01
8.990291316130000210e-01,7.937430739402770996e-01
6.591289367050000569e-01,8.762031793594360352e-01
5.476266955349999854e-01,7.560511231422424316e-01
7.021017771030000354e-01,5.859265923500061035e-01
7.401749754040000129e-01,7.105100154876708984e-01
9.140522467520000305e-01,7.800390124320983887e-01
9.076895334880000776e-01,7.776474952697753906e-01
8.102976324169999245e-01,8.222022056579589844e-01
7.510881427569999769e-01,7.468231320381164551e-01
5.808752267539999403e-01,7.703487873077392578e-01
8.269587679150000037e-01,8.293931484222412109e-01
6.910216567630000917e-01,7.399339079856872559e-01
8.094470577060000060e-01,7.399339079856872559e-01
8.001006195170000668e-01,7.278912067413330078e-01
7.045435051549999717e-01,7.378464937210083008e-01
7.204930543899999984e-01,6.945409178733825684e-01
6.017570355080000821e-01,7.630712985992431641e-01
8.379750303799999855e-01,8.361814022064208984e-01
8.739610628430000139e-01,7.771649360656738281e-01
5.448783761650000113e-01,6.225976943969726562e-01
6.874600831110000421e-01,6.714680194854736328e-01
7.859592452210000246e-01,6.937720179557800293e-01
9.475148468680000269e-01,7.442611455917358398e-01
7.392817446600000730e-01,7.528166174888610840e-01
7.547442409060000079e-01,7.601591348648071289e-01
8.830661059559999915e-01,7.283505201339721680e-01
8.939852023360000954e-01,7.466666102409362793e-01
6.198059508590000322e-01,7.546793222427368164e-01
6.150934951040000209e-01,6.759781241416931152e-01
6.410241458569999606e-01,7.180370688438415527e-01
8.557387394670000758e-01,8.179979920387268066e-01
8.210440760850000741e-01,7.601591348648071289e-01
6.109625194690000427e-01,6.305499672889709473e-01
9.575274567429999939e-01,7.269641160964965820e-01
6.265084513040000136e-01,7.261424064636230469e-01
6.760570264460000756e-01,7.271264791488647461e-01
6.983702977609999030e-01,7.501375079154968262e-01
7.239908300849999812e-01,7.653741836547851562e-01
7.623697722059999959e-01,7.230658531188964844e-01
8.253059800110000843e-01,7.883132696151733398e-01
8.428763945510000521e-01,7.233564853668212891e-01
8.177736400270000372e-01,7.849014997482299805e-01
6.452818140239999778e-01,7.882560491561889648e-01
8.337393516350000144e-01,8.099055290222167969e-01
6.391501605129999986e-01,6.736621856689453125e-01
7.058187383670000425e-01,7.334698438644409180e-01
6.341546809020000008e-01,7.268071174621582031e-01
7.949804840189999000e-01,7.169828414916992188e-01
7.062563772369999660e-01,6.822593808174133301e-01
9.226558490060000617e-01,7.540282607078552246e-01
6.948813467569999736e-01,6.744480729103088379e-01
8.439947986560000226e-01,7.682076096534729004e-01
3.876335365920000053e-01,4.651514291763305664e-01
8.351123143949999994e-01,7.322909832000732422e-01
5.685708250309999823e-01,4.504120647907257080e-01
7.743872692139999181e-01,7.518503069877624512e-01
5.818913129570000287e-01,6.830910444259643555e-01
5.924570057329999750e-01,5.714683532714843750e-01
3.691704109849999749e-01,4.609537720680236816e-01
7.245488066949998807e-01,6.506037712097167969e-01
6.739621772449999604e-01,5.657417774200439453e-01
7.896299640000000730e-01,7.091526389122009277e-01
7.265896326790000082e-01,8.156185150146484375e-01
8.544316648890000199e-01,7.556470036506652832e-01
7.025358444979999950e-01,7.576487660408020020e-01
6.412690778380000234e-01,6.471762657165527344e-01
5.774944760110000130e-01,6.756525039672851562e-01
7.762664593790000733e-01,7.369337677955627441e-01
6.509387473340000341e-01,6.268526911735534668e-01
8.208154816220000205e-01,7.239642143249511719e-01
8.433839758779999585e-01,8.079634904861450195e-01
5.837956278820000122e-01,7.095978260040283203e-01
7.302569240180000198e-01,4.739472568035125732e-01
6.070484962969999732e-01,6.214057207107543945e-01
7.783968925309999731e-01,7.416922450065612793e-01
8.866084775380000949e-01,6.708599328994750977e-01
5.802971204929999738e-01,5.814167857170104980e-01
6.404413872899999971e-01,5.671218633651733398e-01
9.308400989799998637e-01,8.130426406860351562e-01
8.316216378599999848e-01,8.992483019828796387e-01
7.843529769249999450e-01,7.580447793006896973e-01
9.069106780419999847e-01,8.087230920791625977e-01
5.720452383699999865e-01,6.834767460823059082e-01
6.111291463629999754e-01,7.744909524917602539e-01
9.022957444260000237e-01,8.777002096176147461e-01
7.264013557080000183e-01,6.116273403167724609e-01
8.364711053359999982e-01,7.804626226425170898e-01
7.889865151580000013e-01,7.546199560165405273e-01
5.941264825980000497e-01,6.909952163696289062e-01
6.494261911819999566e-01,7.312082052230834961e-01
6.356984999779999868e-01,7.475776672363281250e-01
6.142858909969999281e-01,7.127460241317749023e-01
7.409567080779999593e-01,7.394775152206420898e-01
8.496515815949999828e-01,7.446200847625732422e-01
6.557191440470000465e-01,7.090575098991394043e-01
5.954392280920000058e-01,6.492333412170410156e-01
6.942068061049999628e-01,5.199840664863586426e-01
8.446786179949999918e-01,7.221490740776062012e-01
6.600094497999999810e-01,6.892381906509399414e-01
7.687904949789999831e-01,7.255128026008605957e-01
7.982921006229999339e-01,6.562276482582092285e-01
6.899651770169999976e-01,6.625143289566040039e-01
2.235035859120000079e-01,6.420663595199584961e-01
3.392957134069999880e-01,6.157127022743225098e-01
3.947649330269999979e-01,3.888806104660034180e-01
1.035601958449999943e-01,2.580810487270355225e-01
1.879831073090000026e-01,3.164290189743041992e-01
1.530006986280000036e-01,2.988248467445373535e-01
3.513637405120000334e-01,2.877516150474548340e-01
3.276137516900000102e-01,2.738492488861083984e-01
3.227341856629999950e-01,1.764169633388519287e-01
6.151489598160000405e-01,4.551640748977661133e-01
1.853422386470000016e-01,4.395828247070312500e-01
4.489733320779999981e-01,3.369396626949310303e-01
5.266038184769999964e-01,4.874750375747680664e-01
8.223724757989999690e-01,6.893858909606933594e-01
6.687636983899999943e-02,4.562602639198303223e-01
5.287144895530000444e-01,6.598412990570068359e-01
5.737283472130000339e-01,5.745305418968200684e-01
6.400842405240000366e-01,5.874652266502380371e-01
7.235123811260000259e-01,6.731730699539184570e-01
4.905129089100000450e-01,5.123710632324218750e-01
3.619891838829999986e-01,3.428781330585479736e-01
8.615358866680000727e-01,5.123710632324218750e-01
4.955703872020000289e-01,6.288432478904724121e-01
5.800668679070000167e-01,6.955007910728454590e-01
4.674944297449999953e-01,5.350376963615417480e-01
5.062168820440000605e-01,6.857141256332397461e-01
8.944682350409999261e-01,7.114441394805908203e-01
7.144050173329999920e-01,5.077210664749145508e-01
4.329450479559999732e-01,5.041103959083557129e-01
6.372059688399999144e-01,5.800507068634033203e-01
6.118706012969999941e-01,6.663841009140014648e-01
8.099302010289999298e-01,7.247604131698608398e-01
9.109637403629999852e-01,6.186703443527221680e-01
5.715485408470000195e-01,6.422438621520996094e-01
2.227533247229999958e-01,5.474526286125183105e-01
6.739880475259999448e-01,5.632954835891723633e-01
5.832397812510000668e-01,6.052930951118469238e-01
3.343361156109999621e-01,4.884878695011138916e-01
4.070580021340000076e-01,5.186716318130493164e-01
6.333066584790000286e-01,5.680700540542602539e-01
4.753822906360000156e-01,4.545874893665313721e-01
2.592715701009999929e-01,4.994727671146392822e-01
5.004988073439999852e-01,5.782637596130371094e-01
5.492029240460000183e-01,4.934670925140380859e-01
3.153887353110000347e-01,3.355582952499389648e-01
6.349024163069999505e-01,5.500413179397583008e-01
5.790308047290000371e-01,5.135712027549743652e-01
6.166787488020000207e-01,5.062978863716125488e-01
9.376910405530000103e-01,7.388063073158264160e-01
9.717318457800000475e-02,5.627135634422302246e-01
4.036644104500000108e-01,5.722244381904602051e-01
8.119736121399999673e-01,6.380568742752075195e-01
3.903427552709999859e-01,5.678305029869079590e-01
6.276280434040000245e-01,6.793366670608520508e-01
4.267623285409999911e-01,5.209742784500122070e-01
5.579462573889999444e-01,6.602734327316284180e-01
7.571559700790000402e-01,7.203558087348937988e-01
7.463838958030000192e-01,5.627135634422302246e-01
5.561767435469999743e-01,5.919937491416931152e-01
2.378329571760000039e-01,4.377133548259735107e-01
5.209982667949999424e-01,6.568925976753234863e-01
8.195062857080001040e-01,6.583657860755920410e-01
6.738945174410000405e-01,6.382222771644592285e-01
5.752895541040000671e-01,6.698909401893615723e-01
8.809140250319998922e-01,6.361568570137023926e-01
6.156186226850000054e-01,7.813769578933715820e-01
6.216770679480000672e-02,2.115104794502258301e-01
1.145306715479999932e-01,2.271641790866851807e-01
8.000094135690000163e-01,8.012427091598510742e-01
6.874866249219999115e-02,1.742864549160003662e-01
6.218621412650000568e-01,6.782445311546325684e-01
2.461735087030000445e-03,5.280968546867370605e-02
5.873799716219999523e-01,2.958248257637023926e-01
-1.313198904160000138e-02,7.748505473136901855e-02
5.538564548100000096e-01,4.374357461929321289e-01
1.116574351529999953e+00,6.799922585487365723e-01
7.951724816820000541e-01,6.927269697189331055e-01
-3.216755921140000002e-02,2.793074846267700195e-01
4.755535755969999556e-01,7.187888026237487793e-01
8.083900807539999844e-01,7.833951711654663086e-01
6.585815615929999645e-01,7.846720218658447266e-01
8.261351362520000796e-01,8.444323539733886719e-01
6.188180942180000477e-01,6.791139245033264160e-01
9.762752320649998872e-01,7.694512605667114258e-01
7.689661741369999692e-01,7.207525968551635742e-01
8.323117653229999968e-01,7.411537170410156250e-01
5.822448663549999459e-01,7.279315590858459473e-01
4.193181087139999930e-01,4.622521400451660156e-01
9.317382263119999841e-01,7.863601446151733398e-01
1.105059067979999865e+00,7.186281681060791016e-01
4.718867451670000213e-01,6.988924741744995117e-01
1.058847068850000017e+00,8.615967631340026855e-01
4.807916619000000003e-01,2.784491181373596191e-01
4.536436543550000366e-01,3.212255835533142090e-01
6.114167879580000298e-01,3.082402050495147705e-01
6.202762157910000074e-01,4.063723385334014893e-01
4.191621996980000042e-01,2.374258339405059814e-01
4.224977202269999954e-01,3.756279349327087402e-01
5.886387538180000156e-01,5.531361103057861328e-01
6.883556642489999100e-02,2.719689607620239258e-01
4.587771118699999762e-01,5.251188874244689941e-01
2.789393486789999987e-01,2.827121019363403320e-01
1.325229359210000069e-01,2.370913624763488770e-01
3.270415845799999610e-02,1.818247437477111816e-01
6.395830001610000037e-01,6.276070475578308105e-01
6.857632057449999374e-01,5.688176155090332031e-01
5.131537757709999648e-01,2.719689607620239258e-01
4.594494679970000627e-03,9.136289358139038086e-02
4.612898027189999972e-01,3.405657708644866943e-01
4.626099968439999904e-02,1.140837073326110840e-01
4.765528881469999756e-01,4.619858562946319580e-01
5.016401630200000294e-01,5.870087742805480957e-01
3.976409030439999603e-01,6.330670714378356934e-01
1.417739439250000066e-01,2.235339581966400146e-01
3.940804770570000004e-01,4.654927253723144531e-01
6.385429011429999413e-01,6.451096534729003906e-01
1.221695876629999983e-01,9.484499692916870117e-02
4.856587848500000526e-02,1.908096671104431152e-01
8.606178797279999682e-01,6.920686960220336914e-01
-1.411687223950000049e-02,6.893593072891235352e-02
5.374789210329999900e-01,6.051812767982482910e-01
1.141055625070000051e-01,1.301018595695495605e-01
8.378519643859999588e-02,-8.522927761077880859e-03
4.742325740589999894e-01,1.925441920757293701e-01
-2.054652859299999773e-02,2.502858638763427734e-03
1.526149466589999948e-01,2.753357887268066406e-01
6.190988238960000167e-01,6.126998662948608398e-01
4.776205383680000305e-02,1.759800910949707031e-01
3.396409496919999826e-01,3.198674917221069336e-01
5.732383351840000252e-01,7.977448701858520508e-01
5.029792713930000270e-01,8.361998796463012695e-01
5.796561064060000712e-01,7.017363309860229492e-01
8.847072190200000463e-01,7.613186836242675781e-01
7.668960717499999635e-01,7.473751306533813477e-01
6.265922412159999899e-01,7.260801792144775391e-01
5.547661469410000157e-01,7.140754461288452148e-01
9.973111851279998774e-01,8.044897317886352539e-01
6.491989846329999647e-01,7.980458736419677734e-01
7.562678876960000629e-01,8.175665736198425293e-01
7.129216206280000190e-01,7.884589433670043945e-01
4.165324300709999372e-02,5.130414962768554688e-01
7.613156523180000246e-01,7.680647373199462891e-01
6.090098050009999930e-01,7.425267100334167480e-01
9.188802692560000818e-01,8.020021915435791016e-01
5.305427705230000290e-01,4.494812190532684326e-01
3.449470109449999655e-01,3.168025016784667969e-01
-7.936402672020000104e-02,1.996785700321197510e-01
5.837926997089999681e-02,1.672162711620330811e-01
1.888428360160000069e-02,1.631697714328765869e-01
1.318153980729999959e-05,1.324416100978851318e-01
2.863205135200000070e-02,1.434637904167175293e-01
5.803815076140000223e-02,1.028437614440917969e-01
8.159366798839999546e-02,1.453810036182403564e-01
9.225712891300000273e-02,2.546754777431488037e-01
-6.462504104470000177e-02,2.521136403083801270e-01
4.390235943079999759e-01,1.815395653247833252e-01
2.577681923880000281e-01,1.672162711620330811e-01
1.216824050429999998e-01,1.607629358768463135e-01
3.890437771459999694e-01,2.775337696075439453e-01
2.967686204309999964e-01,1.833066344261169434e-01
2.048261223519999841e-01,1.496506333351135254e-01
-3.621206877780000499e-02,1.011918485164642334e-01
5.108961194659999983e-01,5.433065295219421387e-01
6.626005961079999285e-01,6.383107304573059082e-01
5.357031068889999553e-02,2.182863950729370117e-01
1.466581104059999918e-01,1.821865439414978027e-01
8.520245540299999920e-01,7.459966540336608887e-01
3.645058913149999691e-02,1.604362428188323975e-01
5.567370097249999539e-01,6.457526683807373047e-01
4.491454614109999244e-02,7.752200961112976074e-02
4.832985654519999508e-01,2.884817123413085938e-01
1.193186531049999916e-01,9.507310390472412109e-02
5.179707543039999695e-01,3.576638400554656982e-01
-7.493469070599999803e-03,2.231455743312835693e-01
5.559628786029999770e-01,3.826920986175537109e-01
9.602355116240001154e-01,8.427754044532775879e-01
8.233234049369999585e-01,6.972464323043823242e-01
5.723077822829999439e-01,7.592337131500244141e-01
8.004743959010000021e-01,8.308259844779968262e-01
9.348951276559999135e-01,8.658413887023925781e-01
5.557727626030000145e-01,7.122870683670043945e-01
7.520119548540000753e-01,6.861563920974731445e-01
7.120095772819999835e-01,6.757750511169433594e-01
6.454853793660000338e-01,7.430178523063659668e-01
9.701077007739999924e-01,8.365045785903930664e-01
7.441987261770000028e-01,7.431929707527160645e-01
9.434028088570000081e-01,7.582980394363403320e-01
6.380818751430000768e-01,7.580007314682006836e-01
7.551861501029999424e-01,6.451716423034667969e-01
6.472914859739999915e-01,8.060997724533081055e-01
9.093740769120000067e-01,6.381868720054626465e-01
6.775643190100000268e-01,7.493206262588500977e-01
5.430732864389999914e-01,6.950116157531738281e-01
5.611272931120000473e-01,6.450822353363037109e-01
6.009578781459999908e-01,5.292589664459228516e-01
6.219003737179999991e-01,6.969403624534606934e-01
7.322907839300000221e-01,6.937693357467651367e-01
9.374366783609999754e-01,7.608913183212280273e-01
2.267074888460000187e-02,2.628324925899505615e-01
5.480709893620000495e-01,3.073715567588806152e-01
5.466874590970000058e-01,5.491787195205688477e-01
4.839698613009999484e-01,2.797464132308959961e-01
2.463753154879999852e-01,2.657254338264465332e-01
1.365087803349999962e-01,2.061303853988647461e-01
5.117744680139999502e-01,6.757591366767883301e-01
6.704194490349999480e-01,6.190710067749023438e-01
5.824154945199999656e-01,3.073715567588806152e-01
7.233683811939999042e-02,1.421797871589660645e-01
2.163084517700000070e-02,1.165485978126525879e-01
3.615901444659999631e-01,4.060752093791961670e-01
5.648127569659999736e-01,5.104520320892333984e-01
3.319390439389999781e-01,2.577319741249084473e-01
4.455775937070000081e-01,3.922269940376281738e-01
7.391769799030000199e-01,6.060585379600524902e-01
8.602869725470000395e-01,6.442814469337463379e-01
1.045888925600000130e+00,7.270037531852722168e-01
7.949082473829999218e-01,6.826326847076416016e-01
7.948659618059999987e-01,5.923367738723754883e-01
5.742787389779999696e-01,4.520015716552734375e-01
8.730157458560000583e-01,5.894917845726013184e-01
6.261823905869999818e-01,4.818494617938995361e-01
5.889068119389999634e-01,6.943947672843933105e-01
2.041237951869999956e-01,4.102899730205535889e-01
7.214373625619999730e-01,7.270037531852722168e-01
7.234721742520000554e-01,6.358364820480346680e-01
6.387308848589999810e-01,5.914815664291381836e-01
9.648347241889999593e-01,4.874718189239501953e-01
9.057664324629999264e-01,5.136228799819946289e-01
5.172394537850000251e-01,6.529879570007324219e-01
7.489451763200000167e-01,8.180562853813171387e-01
9.922482398720000596e-01,8.946405649185180664e-01
1.019441929899999932e+00,8.266880512237548828e-01
6.370284356729999375e-01,8.358598947525024414e-01
1.129219501999999986e+00,9.232635498046875000e-01
1.067405916779999853e+00,8.626554012298583984e-01
5.176895320279999435e-01,7.848062515258789062e-01
7.807080293320000086e-01,8.946405649185180664e-01
8.646976880580000691e-01,7.793090939521789551e-01
6.283368083229999845e-01,8.241310119628906250e-01
7.874716383259999786e-01,8.534454107284545898e-01
8.121958639110000711e-01,8.434298038482666016e-01
1.090455804060000089e+00,8.950861692428588867e-01
1.035003602950000046e+00,7.899315357208251953e-01
5.856270165349999335e-01,4.851738214492797852e-01
8.163664097889999915e-01,6.258914470672607422e-01
6.213127421840000109e-01,6.183314323425292969e-01
8.595145629229999917e-01,5.828344225883483887e-01
1.089817742089999930e+00,6.921867132186889648e-01
8.602541707619999478e-01,4.851738214492797852e-01
3.116015268120000403e-01,4.228758811950683594e-01
6.629063508749999389e-01,6.663182973861694336e-01
4.861842687280000241e-01,6.742893457412719727e-01
5.350888309910000196e-01,6.520562171936035156e-01
9.922328840919999449e-01,5.198476314544677734e-01
6.763698544460000628e-01,6.896697282791137695e-01
2.370405193000000021e-01,4.621382951736450195e-01
2.729558136599999907e-01,5.144560337066650391e-01
6.856990684429999927e-01,6.133590936660766602e-01
2.968838426500000072e-01,4.380221664905548096e-01
7.469567667069999528e-01,5.112885236740112305e-01
5.492443868990000144e-01,5.509654879570007324e-01
6.068006991869999700e-01,5.203592181205749512e-01
6.287597055740000718e-01,6.099891066551208496e-01
6.465013722350000380e-01,4.758362472057342529e-01
4.786926973520000406e-01,5.144560337066650391e-01
7.038537516039999886e-01,4.805034995079040527e-01
4.025686128090000260e-01,4.483233690261840820e-01
3.960642648989999848e-01,4.684991240501403809e-01
6.051695936240000240e-01,5.773337483406066895e-01
7.951318807299999625e-01,5.293029546737670898e-01
-3.590923444980000101e-02,2.460452020168304443e-01
5.102436385240000094e-01,3.030710220336914062e-01
1.124400419750000019e-01,2.944459617137908936e-01
6.355753109350000818e-01,3.554235100746154785e-01
2.693260812689999839e-01,2.091596424579620361e-01
4.098165646440000143e-01,5.668503046035766602e-01
3.655804214339999914e-02,1.317542791366577148e-01
2.200408405009999790e-01,4.167340397834777832e-01
2.397218235630000083e-01,4.267443418502807617e-01
2.303846594520000124e-01,2.460452020168304443e-01
1.559806412130000097e-01,2.670927941799163818e-01
1.017926097589999940e-01,3.840881586074829102e-02
7.004855497020000543e-01,3.956913352012634277e-01
7.243927801459999483e-01,4.617601037025451660e-01
1.563944556640000094e-01,2.229206860065460205e-01
1.319454530400000214e-01,2.552196979522705078e-01
3.807290805319999971e-01,5.953096747398376465e-01
1.418672418270000013e-01,6.873576641082763672e-01
2.188022818660000091e-01,4.071923196315765381e-01
3.830294435710000500e-01,4.597581326961517334e-01
5.307701245629999898e-01,4.804306626319885254e-01
8.319585748909998912e-01,6.182120442390441895e-01
5.823562313379999633e-01,4.320664703845977783e-01
6.643691650849999908e-01,5.336603522300720215e-01
3.678873100450000266e-01,3.982290923595428467e-01
4.169167949459999800e-01,6.070936322212219238e-01
1.018021626870000002e-01,5.799016356468200684e-01
1.134681936639999833e+00,5.398035645484924316e-01
2.943968348370000210e-01,3.589932322502136230e-01
1.530292398800000009e-01,3.252979516983032227e-01
7.061076198090000533e-01,4.057231545448303223e-01
6.361591376609999626e-01,4.370477199554443359e-01
2.596732044389999938e-01,3.177540898323059082e-01
1.708249274529999862e-01,2.766405045986175537e-01
1.274127324490000046e-01,3.228375315666198730e-01
3.888287363069999891e-01,2.709062099456787109e-01
3.400906955049999847e-01,3.570814430713653564e-01
4.003152429630000286e-01,4.275277256965637207e-01
6.759936880009999316e-02,1.968775987625122070e-01
4.927636008719999960e-01,4.463490843772888184e-01
1.618400676750000045e-01,3.308359086513519287e-01
4.014087516109999809e-01,4.377521276473999023e-01
2.315202203420000104e-01,3.448202610015869141e-01
2.459026768710000088e-01,2.809678316116333008e-01
3.936855204780000117e-02,2.538180947303771973e-01
6.117308765460000020e-01,4.792088270187377930e-01
1.534032910820000151e-01,3.199434280395507812e-01
2.332706945820000044e-01,2.697893381118774414e-01
1.967452474920000083e-01,2.533933222293853760e-01
2.214110487489999723e-01,2.423132956027984619e-01
2.796825786909999945e-01,2.336982488632202148e-01
2.833051554600000133e-01,2.876768410205841064e-01
9.738230733840000375e-02,2.493033111095428467e-01
2.317541371590000066e-01,2.536555528640747070e-01
2.534719518469999988e-01,2.444503605365753174e-01
2.255935293059999902e-01,2.906529307365417480e-01
2.598087026489999674e-01,2.467393279075622559e-01
1.733963860069999974e-01,8.478483557701110840e-02
2.302470871479999903e-01,1.383510231971740723e-01
5.176669993089999533e-01,1.806371212005615234e-01
9.300616984380001562e-02,2.156389057636260986e-01
2.535525874089999965e-01,1.730511486530303955e-01
5.149048459249999828e-03,1.382572352886199951e-01
1.139922415389999916e-01,1.454099416732788086e-01
4.935485723430000499e-02,1.485950946807861328e-01
3.737201429290000487e-02,1.254225075244903564e-01
8.657145731180000692e-02,1.007137894630432129e-01
4.985185665319999404e-02,1.385178864002227783e-01
8.980654793960000937e-02,1.894399225711822510e-01
2.426730071159999835e-01,1.700367033481597900e-01
-5.291354769530000335e-02,1.096576452255249023e-02
1.260209213660000160e-01,1.621768176555633545e-01
4.484293922259999232e-02,6.997135281562805176e-02
4.436858544550000005e-02,1.404757201671600342e-01
1.914654136240000247e-04,1.211440861225128174e-01
4.040793950350000108e-01,1.924736499786376953e-01
3.104514193690000035e-02,9.690129756927490234e-02
3.838572162619999922e-02,9.998846054077148438e-02
7.469313060590000442e-01,6.460307836532592773e-01
7.317362299060001241e-02,2.545285522937774658e-01
5.423131269709999952e-02,3.273538351058959961e-01
8.823140466439999274e-01,6.921427845954895020e-01
5.368194388750000545e-01,2.759730219841003418e-01
9.639515718100001296e-01,8.051571846008300781e-01
2.179439552320000251e-01,2.053660750389099121e-01
6.317896026959999300e-01,6.564176678657531738e-01
4.851137669589999923e-01,3.273538351058959961e-01
2.147531891300000217e-01,1.055887937545776367e-01
5.572520508749999602e-01,3.430535793304443359e-01
-6.190527387389999775e-02,1.475915908813476562e-01
4.264938002920000137e-01,4.169860184192657471e-01
8.071721195940000371e-01,5.706251263618469238e-01
7.217780225900000124e-01,6.816070079803466797e-01
-5.562701077480000644e-02,1.983379721641540527e-01
7.090042034329999687e-01,4.220748841762542725e-01
2.048193864890000132e-02,1.926680803298950195e-01
8.385249269979999642e-02,1.693747043609619141e-01
1.064746477820000120e-01,1.591379940509796143e-01
1.167999197299999931e-01,2.120751738548278809e-01
-1.383066407370000216e-02,1.440097987651824951e-01
1.199167351880000010e-01,1.441966295242309570e-01
8.825126892269999357e-02,1.072674095630645752e-01
6.372982225359999364e-02,1.552056968212127686e-01
4.341780756750000525e-01,2.676867842674255371e-01
1.124465108410000053e-01,1.999270617961883545e-01
3.854512395859999718e-01,2.120751738548278809e-01
1.287654733760000003e-01,1.892617344856262207e-01
1.218105200569999935e-01,2.326253950595855713e-01
5.225416422449999931e-01,2.236366271972656250e-01
9.445301872040000324e-02,1.653128862380981445e-01
6.227285237789999955e-02,4.668006300926208496e-02
1.100527358259999894e-01,8.553725481033325195e-02
2.281683743939999787e-01,3.577867746353149414e-01
8.613430749229999961e-01,4.060506820678710938e-01
8.650819285739999587e-02,2.237932384014129639e-01
6.189607835249999468e-02,2.269107401371002197e-01
3.113779283639999881e-02,3.139638006687164307e-01
5.999297696919999590e-01,3.357703387737274170e-01
2.566428152959999709e-01,2.208487093448638916e-01
3.248437954939999983e-01,3.053607344627380371e-01
1.130395131250000046e-01,1.799794733524322510e-01
2.213181679710000127e-01,3.171235322952270508e-01
2.037954512400000084e-01,3.296055197715759277e-01
4.318229830759999777e-01,2.331111133098602295e-01
1.393917204579999958e-01,2.269107401371002197e-01
5.073685900809999511e-02,1.532073616981506348e-01
5.249562642019999226e-01,3.691444993019104004e-01
6.006665475460000181e-01,3.557195663452148438e-01
5.997637869199999860e-01,3.290469348430633545e-01
7.943157181080000573e-01,5.543634295463562012e-01
5.526814285340000410e-01,6.434876322746276855e-01
8.626390047059999677e-01,5.933704376220703125e-01
1.929193571530000151e-01,3.691999614238739014e-01
7.484431910119999642e-01,5.435695648193359375e-01
1.364916344969999973e-01,3.577159345149993896e-01
1.879885483469999896e-01,5.347582697868347168e-01
2.538328146959999976e-01,3.759922385215759277e-01
8.514552747650000475e-01,6.143226027488708496e-01
4.880674013999999894e-01,5.446435809135437012e-01
4.217801225509999474e-01,3.487781882286071777e-01
7.760799350179999889e-01,5.917073488235473633e-01
2.925085399780000261e-01,5.054188966751098633e-01
3.714935729180000035e-01,4.997402131557464600e-01
3.240438476720000072e-01,4.590335488319396973e-01
8.998562721379999019e-03,1.716820895671844482e-01
4.469459546150000157e-02,2.509751319885253906e-01
-3.122356066999999909e-03,1.799705624580383301e-01
7.639710042439999682e-02,1.214592456817626953e-01
1.205950022949999895e-01,1.407101452350616455e-01
1.045964111229999854e-01,1.988611817359924316e-01
8.653304395180000386e-02,1.455847024917602539e-01
5.582867635880000012e-01,1.601726710796356201e-01
1.992277810249999948e-01,8.219304680824279785e-02
1.980225194090000015e-02,1.721787154674530029e-01
1.157452824709999939e-01,1.740565896034240723e-01
-8.324431015630000263e-02,5.738648772239685059e-02
1.976252645330000002e-01,1.214592456817626953e-01
1.513008789299999934e-01,4.813760519027709961e-02
1.690422223779999844e-01,2.774758338928222656e-01
4.087381404150000064e-01,2.072332203388214111e-01
6.708310739199999095e-02,1.632147729396820068e-01
4.392291974470000082e-01,1.518458127975463867e-01
5.155564325150000515e-01,4.390995204448699951e-01
4.871495523210000456e-01,5.258211493492126465e-01
1.960321330690000322e-02,4.310840368270874023e-02
7.091969371539999512e-02,7.492178678512573242e-02
2.838738036109999738e-02,1.455235481262207031e-01
1.414716707550000008e-01,2.602743506431579590e-01
1.025095887460000021e+00,7.607374191284179688e-01
9.118784797849999180e-02,2.727958559989929199e-02
4.417271270900000046e-01,6.040068268775939941e-01
8.621730645899999823e-02,1.427056491374969482e-01
-1.810009638230000023e-02,-8.812546730041503906e-02
5.418316201210000571e-01,2.087893187999725342e-01
-8.942654100770000558e-02,-1.003772020339965820e-02
2.706044146750000157e-01,2.355786263942718506e-01
8.185200019210000510e-01,6.397955417633056641e-01
3.888428180030000653e-02,8.326637744903564453e-02
2.461622317849999908e-01,3.298810124397277832e-01
1.104358294989999933e-01,3.513541519641876221e-01
4.379589374490000520e-01,3.820229768753051758e-01
1.167787726210000043e-01,1.492305099964141846e-01
1.414688102349999921e-01,1.728163957595825195e-01
1.342021016820000023e-01,4.506673812866210938e-01
1.202856023090000115e-01,2.100964784622192383e-01
7.019412979230001126e-02,1.447398960590362549e-01
9.925987368639999087e-01,5.533074736595153809e-01
1.520110559620000135e-01,1.404341459274291992e-01
1.710668468129999953e-01,3.961533904075622559e-01
1.341676532970000058e-01,1.728163957595825195e-01
4.690177118399999068e-01,2.255443930625915527e-01
5.474397843399999436e-02,5.622157454490661621e-02
1.281693553430000021e-01,2.785543203353881836e-01
4.572211005830000285e-01,2.829464673995971680e-01
6.801352550079999837e-01,4.507804214954376221e-01
1.336129975420000116e-01,2.054466307163238525e-01
8.593980660430000640e-02,2.292657196521759033e-01
8.756287093210000094e-01,8.356465697288513184e-01
1.143754462579999798e+00,8.367190361022949219e-01
5.908213400449999764e-01,7.605257630348205566e-01
8.780423299519999336e-01,6.261863708496093750e-01
6.556674708930000373e-01,5.177972912788391113e-01
1.004098679610000211e+00,8.711411356925964355e-01
2.622369727159999941e-01,4.783022701740264893e-01
5.449047015940000627e-01,5.650859475135803223e-01
1.909048537170000004e-01,3.857910633087158203e-01
1.009770332069999998e+00,7.097770571708679199e-01
9.725017050910000904e-01,7.828915119171142578e-01
8.595750129479999835e-01,6.767833232879638672e-01
7.446308185750000197e-01,6.411454081535339355e-01
5.060945180300000512e-01,5.301517248153686523e-01
5.662363218410000343e-01,6.692248582839965820e-01
8.900250173360000350e-01,6.772783994674682617e-01
9.426584594100000380e-01,6.957454681396484375e-01
3.450246033510000476e-01,6.109451651573181152e-01
4.983562712819999962e-01,6.535066366195678711e-01
5.382775627529999829e-01,5.511022210121154785e-01
5.998289560830000200e-01,5.939602851867675781e-01
5.253865815220000179e-01,8.348449468612670898e-01
8.985406953190000490e-01,8.965858221054077148e-01
8.279548039740001197e-01,8.085452318191528320e-01
9.128520139049999260e-01,7.122458219528198242e-01
8.196146230899999940e-01,6.775195598602294922e-01
8.790012397399998845e-01,8.192828893661499023e-01
9.785937082760000072e-01,8.893347978591918945e-01
6.544482203389999642e-01,7.941468954086303711e-01
9.735782545700000234e-01,8.181836009025573730e-01
9.480531530069999935e-01,7.745566964149475098e-01
6.545518737269999665e-01,7.136800885200500488e-01
6.940672173219999408e-01,6.752659082412719727e-01
6.788401439149999161e-01,7.901125550270080566e-01
9.443457584980000652e-01,8.017811775207519531e-01
7.470061088099999580e-01,7.574369907379150391e-01
5.745668270789999754e-01,7.447395324707031250e-01
6.685293445290000358e-01,7.439367771148681641e-01
6.370723286720000322e-01,7.909614443778991699e-01
9.102662055060001256e-01,7.916033864021301270e-01
9.036685331930000009e-01,8.842985630035400391e-01
9.410951651750000257e-01,8.641614913940429688e-01
7.183706468269999146e-01,5.972049832344055176e-01
7.727974288889999377e-01,8.017811775207519531e-01
7.457302303239999874e-01,7.578568458557128906e-01
6.415038277489999441e-01,7.151317000389099121e-01
7.551955889560000301e-01,7.017873525619506836e-01
8.370947373689999749e-01,7.087822556495666504e-01
6.338552757419999573e-01,6.403815746307373047e-01
3.229790980550000246e-01,4.894483685493469238e-01
7.399783582739999366e-01,4.472619295120239258e-01
5.437815080610000074e-01,5.537244677543640137e-01
1.111074790949999891e-01,3.375769257545471191e-01
6.688519023319999812e-01,5.599276423454284668e-01
5.151028997540000320e-01,6.321753859519958496e-01
8.385025512340000819e-01,3.041841685771942139e-01
2.081704162959999993e-01,3.047626018524169922e-01
6.171231999159999537e-01,5.663704872131347656e-01
1.678599292859999925e-01,4.270550012588500977e-01
1.152760390289999937e-01,4.217366576194763184e-01
7.155695700149999894e-01,7.104711532592773438e-01
5.535566659420000368e-01,7.354617118835449219e-01
6.369302313879999788e-01,7.096390724182128906e-01
5.994502969370000267e-01,6.560483574867248535e-01
6.147790544960000103e-01,6.320662498474121094e-01
7.547857579159999997e-01,7.104682922363281250e-01
5.617801139750000505e-01,5.842618942260742188e-01
9.081438307829999834e-01,7.340809702873229980e-01
7.008355892409999788e-01,6.649980545043945312e-01
7.655980897669999452e-01,7.385948896408081055e-01
5.675413540129999879e-01,6.532743573188781738e-01
4.529289102849999860e-01,5.164014101028442383e-01
8.103397975810000542e-01,7.246906161308288574e-01
6.476371416870000397e-01,6.766496300697326660e-01
7.992484949969999031e-01,7.099382281303405762e-01
5.099895655530000127e-01,6.428546309471130371e-01
6.146037325429999365e-01,6.319622993469238281e-01
7.209682026600000571e-01,6.310386657714843750e-01
5.703464568710000515e-01,5.905669927597045898e-01
8.527831968610000146e-01,5.804947018623352051e-01
7.740213121610001190e-01,7.233847975730895996e-01
6.639457813290000621e-02,2.363211214542388916e-01
3.652484889739999740e-01,3.062291741371154785e-01
7.306465568459999949e-01,6.960396766662597656e-01
4.954608952419999879e-01,3.192464709281921387e-01
3.210393737489999899e-01,2.622515559196472168e-01
8.062450673019999625e-01,7.982023358345031738e-01
1.310836119700000135e-01,2.633129358291625977e-01
6.375486326729999931e-01,6.819772720336914062e-01
2.792989883890000247e-01,1.692981123924255371e-01
5.779151366979999871e-01,3.568322658538818359e-01
-4.012822596190000063e-02,1.713001430034637451e-01
5.182269900939999729e-01,4.478051066398620605e-01
7.481411298589999426e-01,7.478940486907958984e-01
-8.768464338750000392e-03,2.668804228305816650e-01
3.157953774319999796e-01,4.391546845436096191e-01
7.646769267479999188e-01,7.173219919204711914e-01
7.662101431739999358e-01,7.368291616439819336e-01
5.258889153939999561e-01,6.074790954589843750e-01
4.918238124950000123e-01,6.245042681694030762e-01
4.616173780989999975e-01,5.583412051200866699e-01
6.582374787340000699e-01,6.121895909309387207e-01
6.862361341590000885e-01,6.570627093315124512e-01
6.071467668369999737e-01,6.132960319519042969e-01
5.790572624250000383e-02,4.649654328823089600e-01
5.882392212279999866e-01,5.748988986015319824e-01
7.250978837150000578e-01,6.823203563690185547e-01
6.689109471590000133e-01,6.447378396987915039e-01
6.419503621740000332e-01,5.698232650756835938e-01
6.243907473230000393e-01,5.741780400276184082e-01
5.918319961569999954e-01,6.629858016967773438e-01
1.196990429659999938e-01,3.080749511718750000e-01
2.380868538489999964e-01,3.051642477512359619e-01
5.558488679999999960e-01,5.496025681495666504e-01
1.957510458539999942e-01,3.105993866920471191e-01
7.862837561290000332e-01,2.789856791496276855e-01
5.076684725280000698e-01,3.080749511718750000e-01
1.359809898490000057e-01,1.624384224414825439e-01
4.554217728030000023e-01,3.051642477512359619e-01
4.706347435279999436e-01,4.057117402553558350e-01
4.919808023439999900e-01,5.314542055130004883e-01
6.361883806479999848e-01,6.879956722259521484e-01
5.656545991679999830e-01,4.277216196060180664e-01
9.691601719959999084e-01,5.035579204559326172e-01
1.241533063700000078e-01,1.683484017848968506e-01
5.673630866019999802e-02,1.614373922348022461e-01
1.308406325170000106e-01,1.963596343994140625e-01
1.768397904979999991e-01,1.649984121322631836e-01
1.087065236839999949e-01,1.508782505989074707e-01
1.091050388169999968e-01,3.066309690475463867e-01
2.436354950469999878e-02,3.353113830089569092e-01
1.654278342449999883e-01,2.560910284519195557e-01
1.405884676760000007e-01,7.106795907020568848e-02
2.016525441460000068e-01,1.683484017848968506e-01
1.240869111869999930e-01,6.775110960006713867e-02
5.818725452929999209e-01,3.447434902191162109e-01
2.770924244909999667e-01,3.332244753837585449e-01
2.529051879960000360e-01,3.259420394897460938e-01
-2.379170416810000039e-03,1.846824288368225098e-01
9.127217196959999668e-02,2.029988765716552734e-01
4.485095394679999847e-01,1.415295004844665527e-01
3.641805179299999889e-02,1.409276425838470459e-01
1.145985773619999926e-01,1.408366262912750244e-01
4.210022509019999831e-02,1.066316962242126465e-01
1.388756635779999915e-01,3.644129633903503418e-02
3.748386668709999953e-02,7.335352897644042969e-02
2.333212077270000254e-02,7.088777422904968262e-02
-5.176661352909999771e-03,8.760556578636169434e-02
6.973417771239999452e-02,1.038511097431182861e-01
5.757945787219999681e-03,9.003639221191406250e-02
8.295307193980000493e-02,1.244099140167236328e-01
-3.450554860680000308e-02,-3.345149755477905273e-02
3.407783678029999846e-02,1.256709098815917969e-01
3.063841281919999979e-02,5.876833200454711914e-02
5.643130805689999807e-02,1.207003593444824219e-01
7.073064241679999364e-02,6.877106428146362305e-02
5.401003491040000659e-01,9.685704112052917480e-02
-3.295886555420000225e-02,2.926185727119445801e-02
2.220394480709999771e-02,1.988139748573303223e-02
3.515346383099999805e-01,3.359430432319641113e-01
7.254050370980000273e-02,1.021537482738494873e-01
9.754953399039999196e-02,1.377635002136230469e-01
2.906346851729999653e-02,2.345496416091918945e-01
3.532869567649999931e-01,2.771997451782226562e-01
4.782152485670000397e-01,5.107778906822204590e-01
1.140437286009999968e-01,5.164846777915954590e-02
5.304712350450000447e-01,4.998482465744018555e-01
6.578427217440000474e-01,5.630099177360534668e-01
9.482410396880000536e-02,1.021537482738494873e-01
1.232395870409999927e-01,1.177513599395751953e-02
8.146685677249999868e-02,1.709699630737304688e-01
5.869438523569999594e-02,-1.877188682556152344e-03
5.454404102630000528e-02,2.870486974716186523e-01
2.489538415150000239e-01,3.132521510124206543e-01
2.912945103779999712e-01,4.792059063911437988e-01
1.711593329369999750e-01,4.209942817687988281e-01
5.403760836750000074e-01,4.273124933242797852e-01
1.154324861570000110e-01,2.835094630718231201e-01
2.423713411939999729e-01,2.853684425354003906e-01
3.253362520729999874e-01,1.993991732597351074e-01
1.041096675200000043e-01,2.322102189064025879e-01
2.328531196849999985e-01,2.384820580482482910e-01
2.403888525400000031e-01,2.009972929954528809e-01
1.950350625129999849e-01,2.193292975425720215e-01
1.336840934269999948e-01,1.825070679187774658e-01
2.190001918479999865e-01,2.480052411556243896e-01
1.222389781829999883e-01,1.311900615692138672e-01
8.909429335780000292e-02,1.200052499771118164e-01
4.299663181399999701e-01,3.137815892696380615e-01
2.668180058529999732e-01,2.634504437446594238e-01
3.932693371970000240e-01,2.531877756118774414e-01
2.593388392839999779e-01,2.045117914676666260e-01
2.159764628489999894e-01,1.903716921806335449e-01
3.091595262469999938e-01,3.971630036830902100e-01
3.715654886460000306e-01,4.883639514446258545e-01
3.823259560660000056e-01,2.903736233711242676e-01
4.942146664949999546e-01,3.277192115783691406e-01
6.764544768760000215e-01,3.321791887283325195e-01
2.275564886430000155e-01,2.806659936904907227e-01
1.860128707849999785e-01,4.871014058589935303e-01
4.893135454540000207e-01,4.342252612113952637e-01
3.536584764210000120e-01,3.277192115783691406e-01
9.672865856699999765e-02,1.675477623939514160e-01
5.152549319439999609e-01,3.670741319656372070e-01
8.658627325149999276e-02,2.027717232704162598e-01
3.211218183810000126e-01,3.790618479251861572e-01
2.085383898279999926e-01,4.001007974147796631e-01
2.772872481060000283e-01,2.798120975494384766e-01
2.256595355969999994e-01,3.103520572185516357e-01
4.245423066579999682e-01,3.651736378669738770e-01
1.845381881529999935e-01,1.552460789680480957e-01
1.105567606600000030e-01,1.639005839824676514e-01
1.423516007989999999e-01,1.451290547847747803e-01
4.456222748610000339e-01,3.169400691986083984e-01
2.207860962110000103e-01,1.339273452758789062e-01
1.945448592069999871e-01,1.896187067031860352e-01
8.460402427100001399e-02,1.125819981098175049e-01
1.633868930329999969e-01,1.884249746799468994e-01
2.635115376100000129e-01,2.672804594039916992e-01
2.332111974879999827e-01,1.552460789680480957e-01
8.180060142810001433e-02,1.056180000305175781e-01
9.134187187449999135e-02,1.639005839824676514e-01
9.446596624780001505e-02,6.524649262428283691e-02
6.048166480489999275e-01,3.753436207771301270e-01
1.366966378779999880e-01,3.315918445587158203e-01
1.409101791340000021e-01,2.449643015861511230e-01
1.212541652740000003e-01,1.199936270713806152e-01
2.090675094630000119e-01,2.060168981552124023e-01
1.255718611570000032e-01,2.163872420787811279e-01
1.967029538489999951e-01,1.402989923954010010e-01
1.440776145669999952e-01,1.826942861080169678e-01
1.854657583920000241e-01,1.458897888660430908e-01
2.287469260080000066e-01,1.650517582893371582e-01
1.218155312969999987e-01,1.637453436851501465e-01
1.222483876530000013e-01,1.574976444244384766e-01
8.014239034650000315e-02,2.478477358818054199e-02
2.690248998779999900e-01,2.433525621891021729e-01
1.611072663189999921e-01,1.913570761680603027e-01
1.813832571970000196e-01,2.120699286460876465e-01
8.678470463710000193e-02,1.104534566402435303e-01
1.481318435650000043e-01,1.302398145198822021e-01
4.088152390720000140e-01,4.328137040138244629e-01
2.618823206239999646e-01,4.925304055213928223e-01
2.948278538920000025e-01,3.709983825683593750e-01
5.193876613399999176e-01,3.813657164573669434e-01
6.578066544139999916e-01,4.472777247428894043e-01
2.633411030270000341e-01,3.427106440067291260e-01
4.111600176659999661e-01,3.973861336708068848e-01
7.420705313179999374e-01,5.074954032897949219e-01
2.226094045419999834e-01,3.721373081207275391e-01
2.916659856709999943e-01,3.660905957221984863e-01
2.717722761109999663e-01,3.713447451591491699e-01
1.923209144069999710e-01,3.880155980587005615e-01
2.414667484519999741e-01,2.647041082382202148e-01
2.964088902670000136e-01,3.984780013561248779e-01
3.155655575260000179e-01,3.069295585155487061e-01
2.898743925310000025e-01,3.744002878665924072e-01
2.833424574519999850e-01,4.015462398529052734e-01
6.023231079949999955e-01,3.868952989578247070e-01
6.880449733849999250e-01,4.746557176113128662e-01
3.872504406160000023e-01,6.390536427497863770e-01
3.595652578890000117e-01,6.753294467926025391e-01
3.722950256099999966e-01,5.916834473609924316e-01
6.881008846019999181e-01,6.308964490890502930e-01
8.242456822050000520e-01,6.475641727447509766e-01
1.000052540730000050e+00,7.380946874618530273e-01
6.667642479309999759e-01,6.294183135032653809e-01
7.782299519739999116e-02,4.587002694606781006e-01
5.830719773100000447e-01,6.682672500610351562e-01
6.609194190530000013e-01,6.588054895401000977e-01
6.288897425819999221e-01,5.660910606384277344e-01
3.515117967809999744e-01,6.011236310005187988e-01
6.726488383290000206e-01,5.838205814361572266e-01
5.615614313729999640e-01,6.833037137985229492e-01
4.353726502809999732e-01,6.128338575363159180e-01
3.898186653130000234e-01,5.744338035583496094e-01
6.906036745370001118e-01,6.334257125854492188e-01
6.726769405650000477e-01,6.548546552658081055e-01
8.330897047110000786e-01,6.968309283256530762e-01
5.032045075530000577e-01,5.568554997444152832e-01
5.936597297960000130e-01,6.408786773681640625e-01
7.071549383999999883e-01,6.182321310043334961e-01
5.648308776270000164e-01,6.292268037796020508e-01
4.243309507900000499e-01,5.981199741363525391e-01
6.438463542239999393e-01,6.545300483703613281e-01
7.202166768509999928e-01,5.703684091567993164e-01
5.118790973779999698e-01,5.633655786514282227e-01
3.482892163930000340e-01,4.804892539978027344e-01
4.744279046750000117e-01,5.333220362663269043e-01
2.908766203339999690e-01,4.764458239078521729e-01
1.978250371660000007e-01,4.764458239078521729e-01
5.274314508359999598e-01,4.795866906642913818e-01
4.010230837589999764e-01,4.528897106647491455e-01
4.666035893930000067e-01,4.285393953323364258e-01
4.714024898990000212e-01,4.607447087764739990e-01
5.290747589809999818e-01,5.145143866539001465e-01
4.242558230979999734e-01,4.405812323093414307e-01
4.043159465269999808e-01,4.945777058601379395e-01
4.276756330510000370e-01,4.480818212032318115e-01
3.934314258590000390e-01,4.469157457351684570e-01
4.834154498269999656e-01,4.305514097213745117e-01
4.384115916019999948e-01,4.319919943809509277e-01
3.332130240539999955e-01,4.496479928493499756e-01
6.515476498469999767e-01,6.716630458831787109e-01
8.731139795229999612e-01,7.844482660293579102e-01
5.293617662489999987e-01,6.252080798149108887e-01
6.639902466770000178e-01,7.204652428627014160e-01
6.599500696610000050e-01,6.272320747375488281e-01
6.816503202359999181e-01,6.793981790542602539e-01
5.578679540290000238e-01,6.081085205078125000e-01
8.187689415109999924e-01,6.878258585929870605e-01
5.862700182940000504e-01,5.914884209632873535e-01
2.557094594889999795e-01,5.203951001167297363e-01
7.642233784309999667e-01,6.352097988128662109e-01
6.940349081340000392e-01,6.312363743782043457e-01
6.206944065789999909e-01,6.174770593643188477e-01
5.916871362960000047e-01,6.186431050300598145e-01
5.756577194890000193e-01,6.359297037124633789e-01
5.169781842859999532e-01,5.935901403427124023e-01
4.633125109220000426e-01,5.890483260154724121e-01
3.563289850280000337e-01,5.610791444778442383e-01
4.952892208120000528e-01,5.676862001419067383e-01
9.339626003340000260e-01,6.558693051338195801e-01
6.118728655160000640e-01,5.610992908477783203e-01
6.142740461960000120e-01,6.550773382186889648e-01
5.399477390479999750e-01,5.369957685470581055e-01
4.523313478769999674e-01,4.492216706275939941e-01
5.555932250550000839e-01,5.670343637466430664e-01
4.946053133240000399e-01,5.368830561637878418e-01
5.662726369100000712e-01,5.523806810379028320e-01
5.028401227790000316e-01,5.485218167304992676e-01
8.352604945329999975e-01,6.054979562759399414e-01
6.237217496850000487e-01,5.933049321174621582e-01
5.381790341030000535e-01,6.638976931571960449e-01
8.789754489669999726e-01,7.696778178215026855e-01
4.823237992209999936e-01,6.024908423423767090e-01
7.800692915629999780e-01,7.326878309249877930e-01
5.037525446470000334e-01,5.865736007690429688e-01
5.372598097849999865e-01,6.563013792037963867e-01
7.450467612760000025e-01,6.538171172142028809e-01
5.909640013670000025e-01,5.728483200073242188e-01
6.333904213119999627e-01,6.409242153167724609e-01
6.983083267349999845e-01,6.218442916870117188e-01
4.273874447020000189e-01,5.919103622436523438e-01
6.243297897220000392e-01,6.674351692199707031e-01
5.985767850590000272e-01,6.210040450096130371e-01
4.214639425850000287e-01,5.176963210105895996e-01
6.149578165640000593e-01,5.969715118408203125e-01
3.135701893289999931e-01,4.853591024875640869e-01
3.930287619639999952e-01,4.963388741016387939e-01
5.822149469840000036e-01,5.554317831993103027e-01
5.262605266550000049e-01,5.411314964294433594e-01
5.967664720749999985e-01,4.934704005718231201e-01
5.697226018740000342e-01,5.589910745620727539e-01
8.047330630900000337e-01,5.799462795257568359e-01
5.536390114789999650e-01,4.841116666793823242e-01
3.591090725930000116e-01,3.876249790191650391e-01
6.009068110890000147e-01,5.104053616523742676e-01
5.570650828880000516e-01,4.791985750198364258e-01
4.659610024530000394e-01,4.673790633678436279e-01
5.910873142789999646e-01,4.960938990116119385e-01
6.509444199789999885e-01,5.423297882080078125e-01
6.037932760180000358e-01,6.823391914367675781e-01
8.046490358089999351e-01,6.964589953422546387e-01
6.015100709160000614e-01,6.964589953422546387e-01
6.331025792219999726e-01,6.118074655532836914e-01
6.342068017149999903e-01,6.327313780784606934e-01
5.816086100089999933e-01,6.477752923965454102e-01
7.855360247570000176e-01,7.032760381698608398e-01
4.700878800249999601e-01,6.491657495498657227e-01
6.305662085650000082e-01,7.214845418930053711e-01
6.647454845379999755e-01,6.913008689880371094e-01
2.261769383320000049e-01,5.423428416252136230e-01
8.093983401350000051e-01,6.876861453056335449e-01
5.869071031260000293e-01,6.038506627082824707e-01
8.130764899289999459e-01,6.469874382019042969e-01
6.207506750010000074e-01,6.290441155433654785e-01
6.076021178870000261e-01,6.109889745712280273e-01
6.662257989100000000e-01,6.232107281684875488e-01
5.249268385799999992e-01,5.969555974006652832e-01
3.608513639600000045e-01,5.547810792922973633e-01
6.355171764050000505e-01,5.495845675468444824e-01
4.906250027060000130e-01,5.843170881271362305e-01
6.290376317710000276e-01,5.666653513908386230e-01
5.680632258429999526e-01,5.926266908645629883e-01
6.540868908189999553e-01,6.008790731430053711e-01
4.531575370120000112e-01,3.635115623474121094e-01
7.034173802369999562e-01,5.725085735321044922e-01
5.055057797359999716e-01,5.487573146820068359e-01
5.815799564100000429e-01,5.991492867469787598e-01
5.528556333569999426e-01,5.612465739250183105e-01
4.886289973019999899e-01,5.770036578178405762e-01
3.371563374570000216e-01,4.973075985908508301e-01
7.685601588539999751e-01,6.522022485733032227e-01
6.009156092769999402e-01,6.537131667137145996e-01
5.619276857120000246e-01,6.196943521499633789e-01
4.551999370029999881e-01,6.000834107398986816e-01
7.155450784299999256e-01,6.432781219482421875e-01
6.183428963999999528e-01,6.188793182373046875e-01
6.090807966049999189e-01,5.998067259788513184e-01
6.832699387789999967e-01,6.196943521499633789e-01
2.969554351650000035e-01,4.922431707382202148e-01
5.893639795489999944e-01,4.661591649055480957e-01
5.127255348489999642e-01,6.344867944717407227e-01
7.455309848560000008e-01,6.346208453178405762e-01
5.186420334449999281e-01,5.955605506896972656e-01
8.757065598360000980e-01,5.241591930389404297e-01
6.012125047849999904e-01,6.233103275299072266e-01
2.195210300880000021e-01,4.500377178192138672e-01
2.205518942060000209e-01,2.407729029655456543e-01
2.113764817170000199e-01,2.352686524391174316e-01
6.141416153399998912e-01,4.820145070552825928e-01
1.992774060110000245e-01,2.894047498703002930e-01
2.367663253189999928e-01,2.266948819160461426e-01
2.916281876249999794e-01,4.962385892868041992e-01
3.589357187239999858e-01,3.285883665084838867e-01
8.687898038259999067e-01,6.143380403518676758e-01
4.593382183869999802e-02,1.495271623134613037e-01
5.247261037989999766e-01,3.638649284839630127e-01
1.075749819260000129e-01,1.942981481552124023e-01
2.007584745469999932e-01,3.587897419929504395e-01
2.424344523959999775e-01,4.005226492881774902e-01
3.413452494309999752e-01,4.414962828159332275e-01
5.240242467619999900e-01,4.660312533378601074e-01
1.329320133730000075e-01,2.430265545845031738e-01
1.778761371359999788e-01,2.904043197631835938e-01
2.361405506329999904e-01,2.186549901962280273e-01
2.481189054669999949e-01,2.363773584365844727e-01
1.409971925319999930e-01,2.094253599643707275e-01
1.345500412020000092e-01,1.609081029891967773e-01
1.299972289839999851e-01,1.494488716125488281e-01
1.376114737599999915e-01,2.327274978160858154e-01
1.446762399479999961e-01,2.262868285179138184e-01
2.560873650470000262e-01,2.530303597450256348e-01
1.728396382979999757e-01,3.424478769302368164e-01
3.025672851769999894e-01,2.386562526226043701e-01
4.640292115529999761e-01,1.049621999263763428e-01
2.008994956060000114e-01,2.363773584365844727e-01
5.660002214639999751e-01,3.054828941822052002e-01
2.030800659299999977e-01,2.756830751895904541e-01
2.060430274520000105e-01,1.617358624935150146e-01
1.144383922570000045e-01,1.524885594844818115e-01
3.830307087670000166e-01,4.931155145168304443e-01
4.173066916450000052e-01,4.344463944435119629e-01
4.684798372269999844e-01,4.206413030624389648e-01
4.332441823319999608e-01,3.856526017189025879e-01
9.021471817330000142e-01,3.620844185352325439e-01
1.754163264469999761e-01,3.861789107322692871e-01
6.958599690739999399e-01,4.220287203788757324e-01
2.797645336069999877e-01,4.319362044334411621e-01
4.058326393429999568e-01,3.231824636459350586e-01
5.791541827439999901e-01,4.549034535884857178e-01
4.775257062140000203e-02,3.932339549064636230e-01
3.558177319789999626e-01,4.260818362236022949e-01
5.654296614459999315e-01,4.385523498058319092e-01
4.821665302759999688e-02,2.824931144714355469e-01
-1.599142162149999949e-02,9.046766161918640137e-02
1.828955552400000073e-01,2.187173366546630859e-01
3.204629647869999820e-01,1.186877787113189697e-01
9.537911865769999054e-02,8.407551050186157227e-02
4.724208915970000144e-01,2.874084115028381348e-01
-2.956357138470000132e-02,1.037635207176208496e-01
6.344427837379999768e-02,1.997374594211578369e-01
5.695167962659999916e-02,9.184581041336059570e-02
3.221074030690000006e-02,6.076574325561523438e-02
8.941652564339999665e-02,1.192255914211273193e-01
1.168480703819999994e-01,1.440175473690032959e-01
5.055979351580000003e-01,8.407551050186157227e-02
1.138803073340000083e-01,4.942584037780761719e-02
8.039858119720000307e-02,9.104385972023010254e-02
2.455389019800000017e-02,4.074871540069580078e-02
1.400939064689999958e-01,8.401936292648315430e-02
-3.165297378590000571e-02,7.099205255508422852e-02
2.076520162670000003e-01,1.158545017242431641e-01
1.308662164580000065e-01,2.174963355064392090e-01
6.434537050739999597e-02,2.430662810802459717e-01
1.545243719199999866e-01,3.598916530609130859e-01
4.213482369859999910e-01,1.838253140449523926e-01
1.280490677270000044e-01,1.645983159542083740e-01
2.525433238210000320e-01,2.385417222976684570e-01
3.491789816720000106e-01,2.136806249618530273e-01
1.313455054250000087e-01,1.646210849285125732e-01
1.429404583530000106e-01,3.488984107971191406e-01
-6.834068147200000019e-03,1.015613377094268799e-01
1.913212936239999939e-01,2.804945707321166992e-01
8.870384241569999328e-02,1.494962573051452637e-01
6.096574841719999693e-02,4.501387476921081543e-02
1.357896380349999932e-01,1.645983159542083740e-01
8.817149526189999031e-02,4.680579900741577148e-02
2.556871178019999927e-02,1.945013999938964844e-01
1.850268237900000168e-01,2.360643744468688965e-01
1.590072537780000128e-01,9.887263178825378418e-02
2.380547480369999969e-01,1.753165125846862793e-01
4.697904674779999901e-02,2.900521159172058105e-01
3.040248980220000008e-01,3.862920999526977539e-01
1.666583742039999816e-01,3.802852630615234375e-01
5.811665320040000360e-01,5.147160291671752930e-01
1.038901961859999973e-01,2.759395837783813477e-01
6.073143207350000239e-01,5.568267107009887695e-01
9.407111064730000471e-01,6.326558589935302734e-01
2.704229188369999815e-01,3.248041868209838867e-01
1.019851270979999919e-01,2.338530123233795166e-01
7.106829716590000734e-01,3.862920999526977539e-01
6.073784877510000207e-02,3.233432769775390625e-01
4.444750846450000181e-01,5.179337263107299805e-01
4.001414143570000137e-01,5.249939560890197754e-01
8.462415746140000694e-01,6.092968583106994629e-01
1.188124758230000022e-01,3.251456916332244873e-01
4.563633760109999660e-01,3.249801993370056152e-01
1.608196512260000044e-01,1.874069571495056152e-01
1.152750826419999958e-01,1.459532380104064941e-01
2.140137195630000266e-01,1.459532380104064941e-01
1.403338894329999864e-01,1.356105506420135498e-01
5.424921500289999615e-02,1.022744178771972656e-01
4.229652764949999588e-02,1.048463881015777588e-01
2.244700235069999883e-01,1.203773021697998047e-01
8.701120311389999584e-02,1.241362690925598145e-01
1.267191792750000101e-01,1.379677057266235352e-01
1.594138273390000027e-01,1.855416297912597656e-01
1.205926360999999974e-01,1.757022142410278320e-01
1.798753717880000047e-01,1.459532380104064941e-01
6.333111469169999674e-02,6.315019726753234863e-02
5.494264294910000679e-01,1.876924932003021240e-01
2.243387835260000074e-01,1.606596112251281738e-01
1.405779353150000133e-01,1.039875447750091553e-01
1.356401448809999855e-01,1.158453524112701416e-01
1.750013723979999825e-01,1.785404682159423828e-01
1.302748699919999975e-01,2.225985527038574219e-01
4.572251839969999898e-02,1.344986557960510254e-01
1.568646335999999974e-01,1.639955043792724609e-01
2.153349734490000167e-01,1.691294014453887939e-01
1.030853972900000054e-01,1.277628839015960693e-01
1.769472504239999744e-01,1.599033474922180176e-01
1.104360801180000046e-01,1.422791182994842529e-01
1.913713535940000099e-01,2.094367146492004395e-01
2.308802363879999819e-01,1.742374598979949951e-01
2.370311225049999970e-01,1.955144107341766357e-01
1.447505443400000091e-01,1.639955043792724609e-01
8.884300658549999785e-02,6.022587418556213379e-02
2.281129044970000297e-01,1.858863234519958496e-01
1.131475601339999998e-01,1.788716316223144531e-01
9.252623041829999284e-02,1.403085887432098389e-01
1.074204729230000127e-01,1.774548292160034180e-01
8.771595120639998078e-02,1.406020820140838623e-01
3.489134746859999803e-01,1.506560444831848145e-01
2.300171283929999810e-01,2.954955697059631348e-01
3.525372192849999808e-01,3.680790662765502930e-01
2.229519266450000203e-01,2.307738363742828369e-01
1.115804236410000011e-01,2.341546118259429932e-01
2.240705024400000411e-01,3.282923102378845215e-01
1.516760535989999936e-01,2.657245993614196777e-01
4.041187014069999583e-01,2.876549959182739258e-01
2.220304962990000130e-01,2.462575137615203857e-01
3.116001337120000159e-01,2.988531589508056641e-01
1.580376007619999912e-01,4.317463040351867676e-01
2.551380611910000207e-01,2.307738363742828369e-01
1.886527133469999840e-01,2.973380386829376221e-01
5.275831794020000576e-01,2.315603494644165039e-01
3.627440299710000260e-01,2.445497512817382812e-01
2.721999939009999703e-01,2.770659327507019043e-01
1.219633478930000070e-01,2.517767548561096191e-01
2.019416427910000200e-01,3.845170140266418457e-01
1.369165614789999985e-01,1.632139086723327637e-01
8.961149732610000640e-02,1.860484778881072998e-01
7.165604638050000752e-02,1.528738439083099365e-01
5.398539134049999966e-01,3.014054000377655029e-01
1.094907925139999988e-01,1.525803506374359131e-01
1.266014808189999952e-01,2.678114175796508789e-01
1.184594421000000064e-01,1.374024152755737305e-01
1.278226343530000086e-01,1.682363450527191162e-01
4.760081592319999610e-01,1.768719255924224854e-01
1.173810916159999940e-01,1.676238775253295898e-01
1.243846622580000033e-01,1.681257188320159912e-01
9.729640300349999549e-02,1.556206643581390381e-01
1.625198961130000230e-01,1.595510840415954590e-01
5.125427219620000141e-01,3.084040284156799316e-01
3.125969377610000044e-01,2.668351531028747559e-01
3.259007856969999839e-01,3.444143831729888916e-01
1.117454396550000145e-01,2.055011391639709473e-01
1.703797158379999899e-01,2.368198037147521973e-01
2.765312099910000043e-01,2.217343449592590332e-01
2.138471491310000028e-01,1.964327991008758545e-01
1.531497228070000105e-01,1.954768300056457520e-01
2.536014541989999871e-01,2.755150794982910156e-01
1.905259082310000185e-01,2.451704740524291992e-01
2.496927360960000120e-01,2.368198037147521973e-01
-1.067609781320000110e-02,8.607721328735351562e-02
2.506423977330000108e-01,2.961151003837585449e-01
5.619343003410000037e-01,3.259878754615783691e-01
2.723960930840000350e-01,2.832048833370208740e-01
2.647024566260000045e-01,2.490550279617309570e-01
3.113289016520000008e-01,2.004315555095672607e-01
1.790468792570000245e-01,1.617542803287506104e-01
1.923995922550000015e-01,2.949669361114501953e-01
4.495216151820000117e-01,2.062872052192687988e-02
4.861085058890000227e-02,4.580813646316528320e-02
5.069844161519999892e-02,6.680819392204284668e-02
3.983023959210000298e-01,1.869176030158996582e-01
-9.092472715009999873e-02,3.665074706077575684e-02
1.742594424809999765e-02,8.503836393356323242e-02
7.172259769660001283e-02,2.223253250122070312e-03
2.029867176600000031e-02,8.868426084518432617e-02
3.801251849810000083e-02,1.839848458766937256e-01
5.456425767450000242e-02,1.608893275260925293e-02
1.198769085640000037e-01,5.936253070831298828e-02
1.676819741409999939e-02,4.580813646316528320e-02
5.208245986859999510e-02,-4.397672414779663086e-02
2.965489975730000172e-01,2.593297064304351807e-01
-3.412572163129999614e-02,2.003275156021118164e-01
1.467368896540000023e-01,1.702463924884796143e-01
4.487929923019999545e-02,3.934830427169799805e-03
-3.999196533540000159e-04,5.528303980827331543e-02
1.600307246599999914e-02,1.864029765129089355e-01
8.366823947029999875e-02,2.259925007820129395e-01
5.396223366119999587e-02,1.143935620784759521e-01
8.640319130850000751e-02,1.143935620784759521e-01
6.495167982789999683e-02,9.940370917320251465e-02
4.713886946290000296e-02,1.499009430408477783e-01
2.179191968950000002e-01,9.036037325859069824e-02
8.647739545280000439e-02,1.397877037525177002e-01
1.599042000289999932e-01,1.163919270038604736e-01
1.563608426779999894e-01,1.544818282127380371e-01
1.213444488259999982e-01,1.508065760135650635e-01
1.278844262019999956e-01,1.062100231647491455e-01
1.213453522089999875e-01,4.086324572563171387e-02
1.810229215139999848e-01,2.066640257835388184e-01
3.574270393980000238e-01,1.924741864204406738e-01
1.225101745219999982e-01,7.720816135406494141e-02
2.273492478769999908e-02,1.117738783359527588e-01
7.370208179560000517e-02,1.786648631095886230e-01
5.481261302850000128e-01,2.431242465972900391e-01
5.784224403279999427e-01,2.873527407646179199e-01
-1.688528553999999945e-02,1.393634080886840820e-01
7.596951284189999709e-02,1.814471781253814697e-01
1.507521089910000001e-01,2.256453037261962891e-01
1.184938409369999945e-01,1.792845726013183594e-01
7.205974156060000746e-02,2.573011219501495361e-01
1.487677758780000040e-02,1.192194521427154541e-01
1.817778626639999784e-01,2.062862515449523926e-01
3.499501560589999838e-01,1.882936954498291016e-01
9.631934720319999810e-02,1.356626451015472412e-01
7.826099876120000409e-02,1.238257884979248047e-01
1.714347442949999967e-01,3.582035899162292480e-01
1.024960909259999969e-01,1.848307847976684570e-01
1.972810526200000081e-01,1.848307847976684570e-01
5.877657915739999961e-01,3.495951294898986816e-01
1.558442891679999998e-01,2.237983047962188721e-01
1.964544382959999835e-01,1.681573987007141113e-01
1.910951972909999963e-01,1.213935613632202148e-01
5.287978381440000542e-01,4.297682344913482666e-01
2.579025596410000065e-01,3.720751106739044189e-01
2.637739668719999986e-01,1.848307847976684570e-01
9.652340629519999549e-02,3.144416213035583496e-02
2.928996287039999924e-01,1.829061508178710938e-01
2.419548471300000392e-01,6.459161639213562012e-02
1.323597180299999898e-01,2.506685256958007812e-01
6.635274424739999455e-02,3.609570860862731934e-01
5.552727309749999618e-01,4.418934583663940430e-01
1.428572779939999982e-01,1.404372453689575195e-01
1.793337142599999989e-01,2.686156928539276123e-01
3.739199544080000215e-01,3.270907104015350342e-01
9.910178252660001297e-02,3.928292989730834961e-01
7.243163085140000464e-03,1.835742294788360596e-01
2.548298143870000171e-02,2.519373893737792969e-01
2.330870555150000023e-01,3.078804314136505127e-01
9.686816496230001017e-02,2.511893808841705322e-01
1.873882158719999969e-01,2.405169308185577393e-01
1.368178507699999991e-01,2.324935197830200195e-01
5.034431060600000896e-01,2.222214639186859131e-01
4.598008416820000277e-01,3.508611917495727539e-01
3.598265538900000116e-01,2.156665921211242676e-01
6.387410597709999860e-02,8.347463607788085938e-02
2.724505714480000007e-01,2.872166633605957031e-01
4.425569197169999802e-02,1.411284804344177246e-01
3.175357324020000038e-01,2.803940474987030029e-01
3.530201863099999837e-01,2.920527756214141846e-01
1.922225879820000094e-01,2.466577589511871338e-01
-2.853382785359999743e-02,2.668810486793518066e-01
6.695426416529999258e-01,2.852704524993896484e-01
6.526222110770000251e-01,5.166848897933959961e-01
8.529989400110000730e-01,6.323567032814025879e-01
1.183653940679999933e-01,3.989674448966979980e-01
9.433662348580000578e-02,3.358411192893981934e-01
8.142869238580000557e-01,5.878239274024963379e-01
2.824967660780000056e-01,3.956472873687744141e-01
3.525651336999999774e-01,5.783192515373229980e-01
4.541556353960000264e-02,2.943882346153259277e-01
2.847620331540000049e-01,4.906697273254394531e-01
1.647467181410000037e-01,3.030201792716979980e-01
1.838564334440000170e-02,1.973137259483337402e-01
4.125846697110000516e-01,4.301505088806152344e-01
-6.287540911620000117e-02,2.213997840881347656e-01
5.528274706269999950e-01,4.251237511634826660e-01
3.398523504979999998e-01,5.179274678230285645e-01
8.208610978470000097e-01,3.996326327323913574e-01
1.070356647489999924e+00,4.842014908790588379e-01
7.209180873810000501e-01,6.662552356719970703e-01
8.055941816840000991e-01,7.340627908706665039e-01
7.142844422249999825e-01,5.856007933616638184e-01
7.776536533000000251e-01,6.200628876686096191e-01
6.103830944310000284e-01,6.302717328071594238e-01
1.189886942459999902e-01,5.469831824302673340e-01
5.815689948269999743e-01,5.744408965110778809e-01
5.776118927369999767e-01,6.300855278968811035e-01
5.610947477080000523e-01,6.321923732757568359e-01
7.668647085789999096e-01,6.226289272308349609e-01
6.516641545479999742e-01,7.014694213867187500e-01
2.157743343920000001e-01,3.599671721458435059e-01
7.781259802269999692e-01,6.130192279815673828e-01
5.934444527400000169e-01,5.711208581924438477e-01
7.743468048060000442e-01,6.484141349792480469e-01
4.696773570449999657e-01,5.567722320556640625e-01
7.162018285469999856e-01,5.380417108535766602e-01
6.208995557219999517e-01,6.653006672859191895e-01
3.988484044360000036e-01,5.348698496818542480e-01
4.615876667130000000e-01,5.498058199882507324e-01
5.100463438569999841e-01,5.151788592338562012e-01
7.965225539420000000e-01,6.165457963943481445e-01
4.829127207259999999e-01,4.834050834178924561e-01
4.915555993930000311e-01,5.571361184120178223e-01
3.654114810189999507e-01,5.348698496818542480e-01
5.960992449059999698e-01,4.834991991519927979e-01
4.082645033519999855e-01,5.452841520309448242e-01
6.937621349070001164e-01,5.203945040702819824e-01
4.649508533420000367e-01,5.425386428833007812e-01
5.518487399970000151e-01,6.000286936759948730e-01
4.895213430990000281e-01,5.017504692077636719e-01
2.251236169689999900e-01,4.465384185314178467e-01
4.547683976959999708e-01,5.394783616065979004e-01
8.305493028229999908e-01,4.944251477718353271e-01
4.726018821619999977e-01,4.424115121364593506e-01
4.326595760939999646e-01,5.052343010902404785e-01
5.638175868410000291e-01,5.733537077903747559e-01
5.276415334399999768e-01,5.094382762908935547e-01
1.243514393160000120e-01,2.773169875144958496e-01
4.812164218020000273e-01,4.364168047904968262e-01
7.312550491500000582e-01,5.252801775932312012e-01
6.373706143980000238e-01,4.923607110977172852e-01
4.865247818419999870e-01,4.819151759147644043e-01
4.414539528719999550e-01,4.913029372692108154e-01
9.952661256890000807e-01,8.754972219467163086e-01
1.035185952620000016e+00,8.982185125350952148e-01
5.631136493739999915e-01,8.398716449737548828e-01
7.731299083479999945e-01,7.311108112335205078e-01
7.635397376950000536e-01,8.430368900299072266e-01
8.432222035149999906e-01,7.857098579406738281e-01
9.672894164759999747e-01,8.850166797637939453e-01
1.077340071190000081e+00,8.995068073272705078e-01
1.026588951500000124e-01,6.282792091369628906e-01
9.756885315680000614e-01,8.344907164573669434e-01
4.540483710259999861e-01,8.109761476516723633e-01
1.010433586770000058e+00,8.347886800765991211e-01
5.691145750889999855e-01,7.549555301666259766e-01
5.245644328360000719e-01,7.122570872306823730e-01
1.755472132570000121e-01,1.928916573524475098e-01
2.852853718289999896e-01,1.666754186153411865e-01
2.697435259589999745e-01,2.064115107059478760e-01
4.335427561269999952e-01,3.095385134220123291e-01
1.011946204329999960e-01,1.444438993930816650e-01
1.396639313739999888e-01,2.221654951572418213e-01
1.990259239290000093e-01,1.457835733890533447e-01
2.014900763859999999e-01,1.679443717002868652e-01
1.626852825829999960e-01,2.002567350864410400e-01
4.864458412749999572e-01,2.064115107059478760e-01
2.680090525269999968e-02,7.544234395027160645e-02
2.085633463560000178e-01,1.794154047966003418e-01
8.934161803590000284e-02,1.703020930290222168e-01
1.430936848759999935e-01,1.691234111785888672e-01
4.074525874360000466e-01,6.664267778396606445e-01
8.494354472470000417e-01,6.823455095291137695e-01
5.668519858980000103e-01,4.532421529293060303e-01
8.769376816940001040e-01,6.599708795547485352e-01
2.778414348859999938e-01,4.787092506885528564e-01
1.669172423630000124e-01,3.932055830955505371e-01
5.439807794550000075e-01,4.970741271972656250e-01
2.769772904200000219e-01,4.228448271751403809e-01
3.364153710869999814e-01,5.457229614257812500e-01
6.991295069340000001e-01,6.958774328231811523e-01
1.488156317919999971e-01,3.515239357948303223e-01
5.689401732259999900e-01,6.236771345138549805e-01
3.068614015009999973e-01,4.304611682891845703e-01
7.804263691920000356e-01,5.378768444061279297e-01
3.865506784130000595e-01,5.280958414077758789e-01
9.203921311630000046e-01,7.771316766738891602e-01
8.142028643140000188e-01,7.770897150039672852e-01
8.787322563429998956e-01,6.965752840042114258e-01
7.266449867720000677e-01,7.021542787551879883e-01
7.636977743849999722e-01,7.451567649841308594e-01
9.348328293840000303e-01,7.427214384078979492e-01
8.677972643440000633e-01,7.018802762031555176e-01
4.839875239329999856e-01,7.402842640876770020e-01
5.831085188010000087e-01,7.995897531509399414e-01
7.336164890499999869e-01,7.369837164878845215e-01
4.957879192589999540e-01,5.875813364982604980e-01
6.185270205749999750e-01,6.869286894798278809e-01
7.924691954870000110e-01,7.202702760696411133e-01
6.585735878559999534e-01,7.376054525375366211e-01
5.951999099899999424e-01,7.078292965888977051e-01
5.796588793540000673e-01,6.133189797401428223e-01
7.788371147979999964e-01,7.141969799995422363e-01
5.813341227739999839e-01,6.616195440292358398e-01
4.299294591969999857e-01,7.037307024002075195e-01
7.860628686499999684e-01,6.583891510963439941e-01
6.735862680009999659e-01,7.066905498504638672e-01
4.665576914370000439e-01,5.133546590805053711e-01
5.814558708979999935e-01,6.165289878845214844e-01
7.128433512610000689e-01,5.471948385238647461e-01
9.065114364010000703e-01,6.682434678077697754e-01
4.620966267360000490e-01,5.185034275054931641e-01
8.931795789880000447e-01,6.819686889648437500e-01
7.474499768719999881e-01,6.411303877830505371e-01
1.484020293599999929e-01,4.438897967338562012e-01
9.160033071309999775e-01,7.016760110855102539e-01
5.884398436619999728e-01,6.030700206756591797e-01
6.281537200429999634e-01,5.700243711471557617e-01
2.752702332889999659e-01,4.543261229991912842e-01
3.534552210400000449e-01,4.839689135551452637e-01
1.644772853570000137e-01,2.898375391960144043e-01
2.350826023140000220e-01,3.643583655357360840e-01
1.732515514959999947e-01,1.412589550018310547e-01
1.318825717170000189e-01,1.412589550018310547e-01
4.547892331160000023e-01,3.156843781471252441e-01
1.220270565489999931e-01,2.148020863533020020e-01
2.010404181459999884e-01,1.232007145881652832e-01
2.834188941269999984e-01,3.579319119453430176e-01
3.909717494100000135e-01,1.412589550018310547e-01
1.697225094210000063e-01,1.580622792243957520e-01
9.849475533939998362e-02,2.487066984176635742e-01
3.827633452230000399e-02,2.528297901153564453e-01
6.855322439340000296e-01,4.839589893817901611e-01
1.069323598420000021e-01,2.335264384746551514e-01
2.216995182529999942e-01,1.642659306526184082e-01
3.504650232159999823e-01,2.352384030818939209e-01
5.605146612639999582e-01,2.549422979354858398e-01
4.877001420319999891e-02,1.513910889625549316e-01
4.515524697169999435e-02,1.923364400863647461e-01
2.152511023020000080e-01,9.845030307769775391e-02
2.253151154530000019e-02,1.504402756690979004e-01
3.200176734219999791e-02,6.186038255691528320e-02
9.811286176039998863e-02,1.192430853843688965e-01
1.037901615149999929e-01,1.552276909351348877e-01
7.173298199039999934e-02,1.818553209304809570e-01
-4.484771174010000055e-02,-1.581096649169921875e-02
2.388688014220000100e-01,2.085865139961242676e-01
3.087016220890000107e-02,1.669453382492065430e-01
3.006597490699999820e-01,1.689583361148834229e-01
9.723982058630001313e-02,7.671415805816650391e-04
1.338754576709999880e-02,7.719993591308593750e-02
9.654277719869999164e-01,7.548202276229858398e-01
4.609003375469999941e-01,4.571562409400939941e-01
4.646632468920000036e-01,6.136747598648071289e-01
1.483587896999999933e-01,3.802266716957092285e-01
1.128544233449999962e-01,3.019509315490722656e-01
6.973118412890000339e-01,7.584131956100463867e-01
8.146163134939999884e-01,6.991894841194152832e-01
5.529258068469999898e-01,4.320071637630462646e-01
4.711748786569999736e-02,1.402564048767089844e-01
7.504046904170000865e-01,5.647707581520080566e-01
8.315555117330000190e-01,6.888687610626220703e-01
6.458997019700000175e-01,5.122935771942138672e-01
6.197013500559999527e-02,2.065337598323822021e-01
5.330478123319999650e-02,1.147687435150146484e-01
7.335525315029999271e-01,4.425959587097167969e-01
5.504743498999999790e-02,1.739619970321655273e-01
8.735903143899999279e-02,1.370494067668914795e-01
7.745988310930000675e-02,1.399581730365753174e-01
5.676692400550000656e-02,5.305868387222290039e-02
8.303892903139999115e-02,1.435268223285675049e-01
9.791840168739998629e-02,2.691544890403747559e-01
6.295487993060000509e-02,-2.658462524414062500e-02
4.075023040280000286e-01,2.913147211074829102e-02
8.903583042939999803e-02,1.700931191444396973e-01
6.304139497079999654e-02,1.581285893917083740e-01
2.508810221660000006e-01,4.013968110084533691e-01
5.257933532740000082e-01,3.861507177352905273e-01
-5.279025379590000094e-02,2.244257926940917969e-01
4.041969079750000193e-01,1.952332556247711182e-01
8.465953046420000849e-02,1.251667737960815430e-01
7.788183073810001078e-01,2.975835800170898438e-01
1.112928137340000040e-01,1.837321817874908447e-01
4.388413601940000658e-02,1.460057199001312256e-01
-1.457295555920000256e-02,1.607353687286376953e-01
2.149823859879999854e-02,1.457887887954711914e-01
6.284058347240000231e-01,3.421404957771301270e-01
3.053342913059999691e-02,1.984114050865173340e-01
2.844586370919999774e-01,1.387908458709716797e-01
1.427679237510000032e-01,1.952332556247711182e-01
5.274231412109999795e-01,1.432598829269409180e-01
3.739097919269999681e-01,3.123517632484436035e-01
3.382890122320000165e-02,1.561437547206878662e-01
-3.707098191989999930e-02,5.726924538612365723e-02
6.213391405370000120e-02,7.164487242698669434e-02
8.497073026870000101e-01,6.755518913269042969e-01
7.606406444179999449e-01,6.774210333824157715e-01
-1.598785072419999995e-02,1.347174644470214844e-01
5.140296982069999521e-01,2.473372817039489746e-01
5.802986648709999168e-02,4.023624658584594727e-01
6.356675758230000417e-01,4.923836588859558105e-01
4.879058632799999906e-02,1.055307090282440186e-01
8.967006208239999276e-01,7.215644717216491699e-01
9.657076879159999516e-02,1.479178667068481445e-01
6.362455121230000676e-01,5.974689722061157227e-01
4.374538749930000359e-01,5.843310952186584473e-01
1.292822175870000090e-01,1.985847949981689453e-01
5.737985256429999764e-02,1.422045230865478516e-01
2.075735461599999970e-02,2.473372817039489746e-01
9.458672136619999948e-01,5.660604834556579590e-01
5.015997646229999885e-02,1.580777466297149658e-01
1.008190476529999963e-01,2.630069255828857422e-01
4.517078999640000009e-02,1.488019526004791260e-01
1.159444184720000021e-01,9.267786145210266113e-02
1.741256481529999955e-01,6.206524372100830078e-02
1.039368840260000010e-01,3.475594520568847656e-02
7.581709924889999674e-02,3.281381726264953613e-02
1.262501443950000135e-01,2.849861979484558105e-02
7.297800949119999381e-02,7.235825061798095703e-02
1.019395247000000060e-01,1.156350374221801758e-01
2.174525677190000325e-02,-4.508918523788452148e-02
1.389829506629999822e-01,5.414220690727233887e-02
9.153705557569999374e-02,-3.317350149154663086e-02
-6.986161408020000879e-03,2.011317014694213867e-01
4.244016455830000134e-04,1.231630146503448486e-01
9.003299341180000248e-02,5.543792247772216797e-02
-9.720486985309998926e-03,8.779764175415039062e-03
5.018514443210000259e-02,2.155035734176635742e-02
6.680947488159999503e-01,4.224852621555328369e-01
-2.044917065399999914e-02,8.061608672142028809e-02
6.283170644390000115e-02,5.685627460479736328e-02
2.050668542940000116e-01,1.737883687019348145e-01
2.065209273530000111e-01,2.222686409950256348e-01
1.003680484979999933e-02,8.125892281532287598e-02
1.379977926469999894e-01,2.628026604652404785e-01
7.441124482610000923e-02,3.776228427886962891e-02
1.577905025060000188e-01,2.561230063438415527e-01
7.695002200739999021e-02,3.134323954582214355e-01
1.116715224279999918e-01,1.064256429672241211e-01
1.535982066339999959e-02,1.025068759918212891e-02
5.593018234459999627e-02,6.916290521621704102e-02
5.540073122569999509e-01,4.003878235816955566e-01
8.053797187100000254e-01,4.829618930816650391e-01
6.407238257909999568e-01,3.140155076980590820e-01
-5.623461870810000235e-02,1.155143678188323975e-01
3.019455339879999894e-02,1.126633286476135254e-01
5.230611133129999812e-01,5.101776123046875000e-01
9.521289929049999712e-01,5.890565514564514160e-01
4.736993530929999724e-03,1.852916181087493896e-01
-1.966552602609999978e-03,1.852916181087493896e-01
4.955596059499999817e-01,5.801981687545776367e-01
2.296295233220000190e-02,2.034543752670288086e-01
9.013052361580001226e-02,1.495352387428283691e-01
4.272439926760000090e-02,9.164556860923767090e-02
5.601051937669999647e-01,1.852916181087493896e-01
2.429746658799999959e-02,7.606312632560729980e-02
1.594591612570000205e-01,1.852916181087493896e-01
-2.964939506040000297e-02,3.613361716270446777e-02
5.209997751220000195e-01,3.231682777404785156e-01
6.785078280790000083e-01,4.864595830440521240e-01
8.842230657279999129e-01,6.487879157066345215e-01
6.901047067889999609e-02,1.242126226425170898e-01
3.921237685619999996e-02,3.214328885078430176e-01
7.132746912240000015e-01,8.175805211067199707e-01
5.326368941219999237e-02,2.018007636070251465e-01
1.019535884589999997e+00,7.718163728713989258e-01
8.261923276459999244e-01,8.417851924896240234e-01
1.159406349799999986e-01,1.709568202495574951e-01
6.358106081769999696e-01,7.331064343452453613e-01
-1.968044196879999846e-02,6.746086478233337402e-02
5.828194432009999870e-01,2.709322571754455566e-01
-1.284639734239999970e-02,8.459141850471496582e-02
1.513699934799999924e-01,4.438537359237670898e-01
7.747398086110000026e-01,7.243564128875732422e-01
6.060979191780000441e-01,4.191853404045104980e-01
9.757016231299999731e-01,6.218254566192626953e-01
9.242404222860000074e-01,5.736532211303710938e-01
3.994373326100000149e-02,1.416940093040466309e-01
1.931903731610000174e-01,2.234707772731781006e-01
6.544349530560000794e-01,4.965308308601379395e-01
1.312274570079999952e-02,1.166659891605377197e-01
4.694998428909999966e-01,4.223499000072479248e-01
5.424711210269999445e-02,2.154863774776458740e-01
1.188453046869999974e-01,3.421046435832977295e-01
8.243848651430001062e-02,5.232638120651245117e-01
1.034176416850000058e-01,1.740221083164215088e-01
7.846972110630000274e-02,1.120027601718902588e-01
1.065799425850000037e-01,2.234707772731781006e-01
5.404308489560000206e-01,4.871538579463958740e-01
3.753145712780000531e-01,4.449314475059509277e-01
4.913294535119999695e-01,4.808523356914520264e-01
6.654041569790000721e-02,1.051630079746246338e-01
2.118712589750000042e-01,1.657511591911315918e-01
1.787642489019999892e-01,2.171476483345031738e-01
1.363578451099999866e-01,2.346387207508087158e-01
4.298729885509999793e-01,3.313452005386352539e-01
3.925876570549999833e-01,2.132203280925750732e-01
6.505961449030001065e-02,1.560663282871246338e-01
2.430519687339999790e-01,2.017033696174621582e-01
1.065056871649999876e-01,1.703800857067108154e-01
2.346753731100000018e-01,2.302014827728271484e-01
4.485424821619999475e-02,2.006224691867828369e-01
1.338015187940000128e-01,2.007742524147033691e-01
3.150579381729999850e-01,2.447375655174255371e-01
4.658822940690000580e-01,3.582603931427001953e-01
3.610367628809999646e-02,1.528488993644714355e-01
2.026228072909999900e-01,2.549880146980285645e-01
1.180770098329999990e-01,1.929172873497009277e-01
3.022291094519999888e-01,2.911527156829833984e-01
5.390905275700000332e-02,1.431590914726257324e-01
6.873895489589999519e-01,5.270289182662963867e-01
7.362804896140000555e-01,6.564569473266601562e-01
7.167271172010000746e-02,2.836860716342926025e-01
1.846318620270000210e-02,3.568649590015411377e-01
7.458808002779999669e-01,5.554526448249816895e-01
2.707076134910000320e-01,3.520114719867706299e-01
1.289993763660000070e-01,3.204836845397949219e-01
3.774181564440000081e-01,4.631949067115783691e-01
5.312359647630000570e-01,3.753704726696014404e-01
6.200673292470000320e-01,5.475859642028808594e-01
2.517369495209999947e-02,3.520702719688415527e-01
-6.802745626790000777e-02,1.706845164299011230e-01
2.304031067829999946e-01,4.743226170539855957e-01
5.796556844290000343e-02,2.831366062164306641e-01
4.858873599690000100e-01,4.481174945831298828e-01
5.697822551010000014e-01,5.105822086334228516e-01
4.040932799369999495e-01,4.562726616859436035e-01
5.345406677230000181e-01,3.652567863464355469e-01
1.332661814889999907e-01,4.018042683601379395e-01
3.526236335010000111e-01,5.670373439788818359e-01
4.836322202300000206e-01,6.524357199668884277e-01
2.469416170320000090e-02,4.152316451072692871e-01
4.964793188319999717e-01,4.196764826774597168e-01
8.598275107600000799e-01,6.568807363510131836e-01
1.594138233060000132e-01,3.254005908966064453e-01
6.676905650719999752e-01,6.201671957969665527e-01
5.622043513200000175e-01,3.735581636428833008e-01
9.279955212719999402e-02,1.997787654399871826e-01
6.056957179209999653e-01,4.603311121463775635e-01
8.765186518060000265e-02,2.875044345855712891e-01
3.847147590180000076e-01,4.653730094432830811e-01
7.553222273309999624e-01,5.422701835632324219e-01
5.529988898279999399e-01,6.217991113662719727e-01
7.451096379899999622e-01,5.466283559799194336e-01
6.014181845499999568e-01,6.695068478584289551e-01
8.099643048839999526e-01,8.174566030502319336e-01
9.142379708589999376e-01,7.728414535522460938e-01
8.499263182960000718e-01,7.694627046585083008e-01
6.341044832359999939e-01,6.710619926452636719e-01
8.596376361619999518e-01,6.924127340316772461e-01
7.068393547360000140e-01,7.606650590896606445e-01
8.114320220199999767e-01,7.461526989936828613e-01
9.315940157580000491e-01,7.565987110137939453e-01
9.817047877140000489e-01,6.922074556350708008e-01
9.631880448210000667e-02,4.775184392929077148e-01
8.750059109590000439e-01,7.728414535522460938e-01
6.204356749639999835e-01,6.734857559204101562e-01
6.982689229949999854e-01,7.480966448783874512e-01
5.901018745320000258e-01,6.150082945823669434e-01
9.230868934110000312e-01,8.158805966377258301e-01
8.708016161259999333e-01,8.427823781967163086e-01
7.332506829449999541e-01,6.894595026969909668e-01
7.313349639639999955e-01,7.329819202423095703e-01
7.022141676090000173e-01,6.239191889762878418e-01
5.231161430399999812e-01,6.504815816879272461e-01
6.241371283479999477e-01,7.178418636322021484e-01
7.625711090510000068e-01,8.033779859542846680e-01
4.490987905239999800e-01,5.406385064125061035e-01
7.400062963099999225e-01,7.333588004112243652e-01
5.130549797940000545e-01,6.537189483642578125e-01
6.278143597799999975e-01,6.846604347229003906e-01
8.345741108079999249e-01,7.087252140045166016e-01
8.191600682619999407e-01,6.865908503532409668e-01
6.303403369250000221e-01,6.589848995208740234e-01
4.489432093289999481e-01,6.525669097900390625e-01
5.013637532169999966e-01,7.164149284362792969e-01
6.333600571630000342e-01,5.797434449195861816e-01
7.211153348050000078e-01,6.454509496688842773e-01
8.074887391530000125e-01,6.618924140930175781e-01
6.045850208009999616e-01,5.535537004470825195e-01
4.777570623469999944e-01,6.286465525627136230e-01
9.261709975370000514e-01,7.511626482009887695e-01
5.756923804689999535e-01,6.358928084373474121e-01
6.588435201510000061e-01,7.159175872802734375e-01
6.566887659510000086e-01,6.454509496688842773e-01
4.614497721039999972e-02,3.592399060726165771e-01
6.542881446999999628e-01,6.155322790145874023e-01
5.121543572119999777e-01,6.150568723678588867e-01
6.916147581420000190e-01,6.017232537269592285e-01
7.649922379000000383e-01,6.316438913345336914e-01
7.645609140690000638e-01,5.578989386558532715e-01
4.256912840510000406e-01,3.936904072761535645e-01
6.197957733979999606e-01,3.996924161911010742e-01
5.935284763190000479e-02,2.866998910903930664e-01
1.289715437619999849e-01,2.866998910903930664e-01
1.261730814589999972e-01,3.065381348133087158e-01
1.001071218010000062e-02,2.883829474449157715e-01
1.988929538080000115e-01,3.329897224903106689e-01
2.856462715509999750e-01,3.690825104713439941e-01
1.464194174129999915e-01,3.105664849281311035e-01
8.814844113880000720e-02,2.109177708625793457e-01
6.145103032819999589e-01,3.718435764312744141e-01
4.479886822150000447e-01,3.377194404602050781e-01
7.828714889619999839e-01,4.064386487007141113e-01
4.341912257580000239e-02,2.948512434959411621e-01
3.848538411319999547e-02,2.734392881393432617e-01
7.221183127390000678e-01,5.445409417152404785e-01
7.851135014190000483e-01,5.849995613098144531e-01
8.862317113339999997e-02,2.321541905403137207e-01
-3.475133221900000396e-05,2.371360659599304199e-01
5.776395098650000115e-01,5.905849337577819824e-01
6.516444953549999086e-02,2.185581624507904053e-01
1.480029496140000123e-01,1.986060440540313721e-01
7.444120466720000051e-01,6.585228443145751953e-01
7.051840220350000799e-01,5.760251879692077637e-01
4.768797341370000220e-01,2.371360659599304199e-01
3.705826305699999601e-01,8.987393975257873535e-02
3.442507827669999965e-01,3.254778385162353516e-01
3.522458039920000061e-01,4.774776101112365723e-01
6.720796356899999546e-01,6.437711715698242188e-01
1.132145112890000083e-01,2.583796977996826172e-01
1.211915553109999960e-01,3.865891396999359131e-01
1.702752823610000077e-01,2.323731184005737305e-01
-6.765966076189999789e-02,1.248893439769744873e-01
-2.230488208369999989e-02,9.482321143150329590e-02
-3.138014525019999779e-02,1.531326174736022949e-01
1.002475364330000090e-01,1.841844618320465088e-01
5.525440895659999851e-01,3.211902379989624023e-01
5.857926057050000636e-04,1.853281259536743164e-02
3.834776245950000106e-01,3.754397034645080566e-01
3.927357732419999858e-01,4.129052162170410156e-01
7.981392771520000318e-02,2.944225668907165527e-01
1.055150662179999976e-01,2.751833498477935791e-01
6.249884883340000030e-01,3.538702130317687988e-01
4.181539184229999817e-01,3.734593987464904785e-01
4.478900481329999850e-01,3.230471611022949219e-01
3.130784615639999879e-01,2.591310143470764160e-01
1.593514558970000050e-01,3.189898729324340820e-01
2.134740422179999819e-01,2.070068717002868652e-01
8.695272751049999693e-02,2.056233584880828857e-01
2.379420297089999969e-01,2.163339555263519287e-01
7.270054305249999682e-02,1.774872541427612305e-01
2.226697255130000164e-01,3.221188783645629883e-01
9.217189635389998192e-02,2.074629366397857666e-01
3.214330556669999783e-01,2.276875376701354980e-01
3.571332723139999943e-01,3.174932301044464111e-01
3.519239669370000101e-01,2.560259103775024414e-01
2.221320986389999919e-01,3.183004558086395264e-01
1.852512591209999893e-01,2.618980407714843750e-01
1.238231452859999970e-01,2.367430627346038818e-01
1.205004023240000000e-01,1.914284527301788330e-01
1.979820708020000042e-01,1.863768994808197021e-01
1.582474961219999809e-01,1.934382021427154541e-01
1.180697482020000022e-01,1.623321771621704102e-01
1.533379035619999997e-01,1.023268103599548340e-01
2.015642499949999999e-01,9.870454668998718262e-02
4.338319063799999514e-02,6.549987196922302246e-02
9.709473891310001215e-02,1.151829063892364502e-01
1.108533851389999908e-02,4.511341452598571777e-02
2.463444337220000238e-02,9.695324301719665527e-02
1.038268314839999873e-01,1.462807655334472656e-01
1.808943113529999994e-02,-5.565285682678222656e-04
1.504356881989999950e-01,8.681139349937438965e-02
4.658296867530000579e-02,9.841448068618774414e-02
2.412116799159999825e-01,1.888567805290222168e-01
1.033075574550000042e-01,9.189164638519287109e-02
3.527747582749999888e-01,1.416178941726684570e-01
3.530989274330000667e-04,6.588646769523620605e-02
1.519839469869999904e-01,6.171420216560363770e-02
5.417373422110000059e-01,4.315534234046936035e-01
4.750998123810000195e-01,5.084250569343566895e-01
2.789772331450000031e-01,3.813122212886810303e-01
3.863349035740000215e-01,3.431371450424194336e-01
4.018519375280000250e-01,4.715409576892852783e-01
2.242627426570000249e-01,3.459462821483612061e-01
4.635916262650000563e-01,3.796092569828033447e-01
4.596217903939999738e-01,4.006638824939727783e-01
7.507499295829999086e-01,4.592911601066589355e-01
6.170800455239999760e-01,5.182196497917175293e-01
3.647747528159999697e-01,3.811261653900146484e-01
1.572572318050000084e-01,3.414567708969116211e-01
4.806879733669999766e-01,4.060115814208984375e-01
3.218668966409999888e-01,3.839189410209655762e-01
2.953399152610000078e-01,4.043901562690734863e-01
3.174562894440000060e-01,3.402633666992187500e-01
1.821368208040000103e-01,2.436884343624114990e-01
3.681901011629999942e-01,3.121224045753479004e-01
1.016265134869999975e-01,2.712431252002716064e-01
2.885512356639999831e-01,2.192648351192474365e-01
-1.215864817289999920e-02,1.369823217391967773e-01
3.317918919609999517e-02,1.637784838676452637e-01
5.166166018419999784e-01,2.192885875701904297e-01
5.533914148640000086e-01,2.936303019523620605e-01
1.386201477149999993e-02,3.382620215415954590e-02
1.932242557799999927e-01,2.756384909152984619e-01
1.210850949829999912e-01,1.642890274524688721e-01
3.272211722520000643e-02,2.119817137718200684e-01
1.144034622210000074e-01,1.472414433956146240e-01
7.421077737230000193e-02,1.600692868232727051e-01
2.032135107880000124e-01,2.266389429569244385e-01
3.947553435580000020e-02,1.570905148983001709e-01
5.642423885559999519e-02,1.691774725914001465e-01
4.238719375690000457e-02,1.493371725082397461e-01
1.658706857570000151e-02,1.292693018913269043e-01
4.841248225720000131e-01,2.365507781505584717e-01
-2.888381438800000089e-02,9.568887948989868164e-02
6.324043706159999945e-02,2.157697081565856934e-01
6.745576722290000382e-02,1.675430536270141602e-01
1.304608965719999958e-01,1.102716624736785889e-01
1.213529007559999984e-01,1.634047329425811768e-01
1.140365119080000017e-01,2.645964026451110840e-01
1.630335303360000154e-01,1.309079825878143311e-01
-1.318603184679999901e-02,-8.766114711761474609e-03
8.935027679919999022e-02,1.856999397277832031e-01
1.462865233420000133e-01,1.230677068233489990e-01
1.028441151369999945e-01,1.150538325309753418e-01
1.220190758990000041e-01,1.036169528961181641e-01
4.919791693269999489e-02,1.679415106773376465e-01
1.078725509380000086e-01,2.051216363906860352e-01
8.387487075059999464e-01,7.557237148284912109e-01
8.185870435290000247e-01,7.291000485420227051e-01
6.756762263750000219e-01,7.147921919822692871e-01
6.348819974339999783e-01,7.202017903327941895e-01
6.132866487360000285e-01,5.858374834060668945e-01
6.480021400469999637e-01,6.057425737380981445e-01
6.792159822939999314e-01,6.250417828559875488e-01
2.935831207969999967e-01,5.723056793212890625e-01
4.576001964399999400e-01,3.264865279197692871e-01
4.604784807999999785e-01,3.908005654811859131e-01
3.793388031259999904e-01,2.755992412567138672e-01
6.043274005540000271e-01,4.306972622871398926e-01
3.912011888219999595e-02,1.913728117942810059e-01
7.025840133419999911e-02,2.843705415725708008e-01
1.575791189839999829e-01,3.031851053237915039e-01
4.307746055449999667e-01,3.319610953330993652e-01
6.390827565140000388e-01,3.126085698604583740e-01
5.702369675459999926e-02,2.046047449111938477e-01
6.097177402839999427e-01,3.552916049957275391e-01
8.534470487739999334e-02,2.944642603397369385e-01
3.900459358129999554e-01,2.320476770401000977e-01
2.730334913340000114e-01,2.375629544258117676e-01
4.497711337889999661e-01,4.237148761749267578e-01
5.002046755660000121e-01,3.339835405349731445e-01
5.078019865220000373e-01,4.358364939689636230e-01
1.299468331259999998e-01,3.282723724842071533e-01
1.378481157049999961e-01,3.185703158378601074e-01
4.179912962579999669e-01,4.256498813629150391e-01
1.270364850129999945e-01,2.166528701782226562e-01
1.990329562570000155e-01,3.275065124034881592e-01
5.781051783759999507e-01,3.484350740909576416e-01
4.061815842209999805e-01,4.698880314826965332e-01
2.974481245030000109e-01,4.037503898143768311e-01
3.686061948120000209e-01,1.998203992843627930e-01
1.583759957509999969e-02,2.782506644725799561e-01
5.284413568169999964e-01,4.257709681987762451e-01
4.005407239819999687e-01,3.761260509490966797e-01
1.368111491439999994e-01,2.854966521263122559e-01
2.858433732130000182e-01,3.597038984298706055e-01
4.661163094060000178e-01,4.939368069171905518e-01
5.443063060920000362e-01,5.759679079055786133e-01
3.029284640809999651e-02,1.941986680030822754e-01
6.768273400839999177e-01,6.292440295219421387e-01
7.108120954889999288e-01,6.645373106002807617e-01
6.292462999589999439e-01,5.970050096511840820e-01
5.133665682799999630e-02,1.810865104198455811e-01
2.407621211029999791e-02,6.181302666664123535e-02
4.874668678530000299e-01,2.834118008613586426e-01
9.690529238440000193e-02,1.446168124675750732e-01
9.795645150489999675e-02,3.196063041687011719e-01
5.238041520480000157e-01,4.494023025035858154e-01
5.409130531759999139e-01,5.586984753608703613e-01
6.629297956190000063e-01,4.747000932693481445e-01
5.700193591080000566e-01,4.460865259170532227e-01
8.198918210490000469e-01,6.774567961692810059e-01
4.961958023789999617e-01,5.211592912673950195e-01
6.056952840899999524e-01,5.796832442283630371e-01
5.815982527929999257e-01,5.506868362426757812e-01
7.544049518389998876e-02,3.563807010650634766e-01
4.939895115699999839e-01,4.987674057483673096e-01
4.575432164880000041e-01,5.259926915168762207e-01
8.715766898080000713e-01,6.189284324645996094e-01
5.767838570819999733e-01,5.451727509498596191e-01
8.344240651379999374e-01,6.606888771057128906e-01
1.999883769599999916e-01,5.229496955871582031e-01
4.116584879630000304e-01,5.214909315109252930e-01
6.331227192439999873e-01,7.003444433212280273e-01
8.869612934810000571e-01,7.146911025047302246e-01
3.278315919790000255e-01,4.859576821327209473e-01
7.588019086210000264e-02,3.841532170772552490e-01
6.314535972789999674e-01,6.290449500083923340e-01
7.379568916459999794e-01,6.495974659919738770e-01
6.374398793200000135e-01,6.738299131393432617e-01
3.188311724690000015e-01,4.285525977611541748e-01
-3.783646388560000140e-04,2.994792461395263672e-01
5.295629095110000462e-01,4.053418934345245361e-01
3.531955610230000375e-02,3.168474435806274414e-01
6.275883605690001088e-02,2.029512524604797363e-01
3.843648116610000054e-01,4.719232022762298584e-01
3.805948504000000177e-01,2.994792461395263672e-01
-1.814616051059999994e-03,1.726689040660858154e-01
2.848683659110000030e-02,1.093549132347106934e-01
-3.108721126079999966e-02,4.099262356758117676e-01
3.217076350829999876e-01,4.820647835731506348e-01
4.965155987569999652e-01,3.127860426902770996e-01
7.541287548749999736e-01,7.102579474449157715e-01
4.167494311739999846e-01,4.707980453968048096e-01
4.820654484319999988e-01,4.796271920204162598e-01
7.921423022529999747e-01,7.107906341552734375e-01
3.812916950440000119e-01,4.619188308715820312e-01
5.703602542010000054e-01,6.321414709091186523e-01
3.737932878019999960e-01,5.313333272933959961e-01
6.591983180060000391e-01,5.994279384613037109e-01
4.673653289600000482e-01,6.998184323310852051e-01
6.022541340229999873e-01,7.099857330322265625e-01
4.807961223520000327e-01,7.311443686485290527e-01
7.540415000749999264e-01,7.048065066337585449e-01
7.797046959219999795e-01,7.010731697082519531e-01
7.376446109750000035e-01,7.048466801643371582e-01
8.985364295999999085e-01,7.113606333732604980e-01
1.173363528480000084e-01,4.137791395187377930e-01
8.450985965360000574e-01,7.018263339996337891e-01
6.193025764840000003e-01,6.773856878280639648e-01
8.910240936700001280e-01,6.556789875030517578e-01
7.811131400810000791e-01,5.678375363349914551e-01
-5.574940532430000539e-02,2.715616822242736816e-01
-1.361306403320000115e-02,2.981808781623840332e-01
5.550443790660000154e-01,5.719237923622131348e-01
2.496121120569999852e-01,3.182055354118347168e-01
4.193142877740000385e-01,3.968311250209808350e-01
7.081096377789999341e-01,5.523042678833007812e-01
5.382966864689999742e-01,2.981808781623840332e-01
1.049605865160000047e-02,1.482057571411132812e-01
6.578149369600000407e-01,3.527747094631195068e-01
5.186821026229999632e-01,4.077678322792053223e-01
4.559830114999999795e-01,4.364984929561614990e-01
6.131382197069999984e-01,6.313418745994567871e-01
6.330330429399999570e-01,3.416578471660614014e-01
7.998966595199998864e-01,5.690747499465942383e-01
2.442245383619999766e-01,4.792024493217468262e-01
3.290735878469999709e-01,5.119059085845947266e-01
3.886571344699999431e-01,3.295757174491882324e-01
4.254377826079999703e-01,5.412657260894775391e-01
5.119179946940000114e-01,4.117360413074493408e-01
-7.743487337560001071e-02,1.719468235969543457e-01
4.827941252240000036e-01,3.633105754852294922e-01
3.310447392759999774e-01,4.159768819808959961e-01
7.125288438210000130e-01,5.433290600776672363e-01
5.990295325459999987e-01,5.403459668159484863e-01
-4.456825474790000047e-02,3.289701342582702637e-01
8.377370053169999956e-03,1.709003150463104248e-01
1.303348936759999854e-01,1.187019050121307373e-01
5.273843911430000503e-02,6.612280011177062988e-02
6.967677660450000143e-02,4.778847098350524902e-02
3.890221900560000400e-03,6.606552004814147949e-02
2.181737702849999988e-02,5.295881628990173340e-02
8.925115645710000878e-02,4.049217700958251953e-02
2.760108410579999866e-02,7.060831785202026367e-02
1.794830349050000051e-02,-3.006035089492797852e-02
8.569496219620000022e-02,6.523489952087402344e-02
3.726321772950000333e-02,7.876586914062500000e-02
6.118510625180000745e-02,1.059721112251281738e-01
-7.093555341380000656e-02,9.008184075355529785e-02
2.462473652490000109e-01,7.988262176513671875e-02
4.555101508250000014e-02,4.390978813171386719e-02
5.631063209109999912e-01,6.210691332817077637e-01
7.312182818129999706e-01,4.969018995761871338e-01
5.258074248449999821e-01,4.969018995761871338e-01
2.995235630710000319e-01,4.798263311386108398e-01
6.024349707600000770e-01,5.815523266792297363e-01
4.302601526309999813e-01,5.208157896995544434e-01
5.417404838860000460e-01,5.607550740242004395e-01
5.733351878499999277e-01,4.857655763626098633e-01
6.537647011670000285e-01,6.127134561538696289e-01
4.501188889450000175e-01,5.398024320602416992e-01
1.973541528860000283e-01,3.151438832283020020e-01
5.057012307649999538e-01,5.727595090866088867e-01
3.823020918940000512e-01,4.353704452514648438e-01
6.554084828970000443e-01,6.138949990272521973e-01
5.470469599580000120e-01,5.322425365447998047e-01
5.509374024180000440e-01,4.042638540267944336e-01
7.287346599570000416e-01,4.758635759353637695e-01
2.026482310649999896e-01,3.655037879943847656e-01
6.217467577269999435e-01,3.415208458900451660e-01
2.622154459319999686e-01,2.823924422264099121e-01
2.004445104030000147e-01,2.882179617881774902e-01
6.097801359229999552e-01,3.771785199642181396e-01
-2.838213558410000031e-02,3.203089833259582520e-01
3.567394849629999531e-01,3.805276751518249512e-01
3.707856007630000450e-01,4.443498849868774414e-01
2.486368906769999831e-01,3.001493811607360840e-01
3.894219448469999900e-01,4.280869662761688232e-01
3.080121320789999673e-01,3.278399705886840820e-01
3.763804443620000217e-01,3.139101862907409668e-01
3.478652486789999831e-01,5.959076881408691406e-01
8.229445758310001136e-01,7.646266222000122070e-01
7.627444750190000011e-01,7.410891056060791016e-01
7.703464071709998917e-01,7.410891056060791016e-01
2.741516770840000117e-01,6.643835306167602539e-01
7.934441057529999508e-01,6.724554300308227539e-01
7.382872336360000176e-01,7.429969310760498047e-01
8.386981445679999592e-01,6.482394337654113770e-01
2.984729720220000160e-01,5.850570797920227051e-01
6.784010589419999793e-01,7.338411211967468262e-01
5.906249476089999728e-01,5.911462903022766113e-01
5.570532179220000213e-01,5.556229352951049805e-01
4.370740128729999618e-01,5.863455533981323242e-01
7.783156577869999593e-01,6.994045376777648926e-01
6.470925377940000001e-01,6.595374941825866699e-01
4.925828926129999785e-01,6.338979005813598633e-01
5.991983614350000487e-01,5.523557066917419434e-01
5.910677169779999796e-01,7.227199077606201172e-01
7.075177474400000666e-01,7.854913473129272461e-01
7.245682150229999507e-01,6.709728240966796875e-01
3.904430872290000076e-01,5.978490114212036133e-01
5.538251434909999826e-01,6.391404867172241211e-01
5.256633940449999542e-01,5.567396879196166992e-01
7.665340543230000359e-01,6.446862816810607910e-01
4.588303089060000173e-01,4.856730997562408447e-01
4.490620306770000125e-01,5.520432591438293457e-01
5.379976943990000260e-01,6.291115283966064453e-01
4.817774553939999649e-01,3.779092729091644287e-01
6.203599440570000123e-01,4.465185105800628662e-01
5.815823035920000272e-01,4.561152160167694092e-01
3.060280870340000361e-02,3.308607935905456543e-01
1.623352620569999960e-01,3.052330017089843750e-01
2.829928263940000299e-01,3.929491341114044189e-01
6.396919969750000656e-02,3.023973405361175537e-01
1.660058647870000029e-02,2.780690193176269531e-01
-2.740432965340000235e-02,5.838921666145324707e-02
6.330149764350000430e-01,3.992531895637512207e-01
5.343949649739999641e-01,3.891353905200958252e-01
4.310158352699999251e-01,3.613513112068176270e-01
3.878682986029999835e-01,3.395664095878601074e-01
-4.076010654800000382e-02,1.902065277099609375e-01
1.319546637429999947e-01,2.857296466827392578e-01
5.710057103029999581e-01,6.121255159378051758e-01
7.931846683700000122e-01,7.024008035659790039e-01
6.089138701210000670e-01,4.779686033725738525e-01
8.948770607210000394e-01,7.414289712905883789e-01
7.015438961319999667e-01,4.196967780590057373e-01
6.368373604050000525e-01,6.787047982215881348e-01
1.231900640310000100e-01,2.686815559864044189e-01
6.144332098110000251e-01,6.439514756202697754e-01
5.381248587870000044e-01,4.641459882259368896e-01
6.632455071859999496e-01,6.771504282951354980e-01
6.500970353389999845e-01,6.414695978164672852e-01
8.560856989769999315e-01,7.208802700042724609e-01
8.985826484649999113e-01,7.601951360702514648e-01
7.858336951690000349e-01,6.383320689201354980e-01
5.930679155069999986e-01,5.943201184272766113e-01
5.607615019870000328e-01,6.783282756805419922e-01
6.446822846840000176e-01,6.572209596633911133e-01
8.293780623440000221e-01,7.655910253524780273e-01
7.268691127159999654e-01,5.230242013931274414e-01
5.736959014800000478e-01,6.010031104087829590e-01
4.309087383099999835e-01,6.309578418731689453e-01
6.306896822190000140e-01,6.905616521835327148e-01
8.495938572740000527e-01,7.008836269378662109e-01
1.020449061200000118e+00,6.976295709609985352e-01
4.023597256889999696e-01,6.326678991317749023e-01
7.227365325399999207e-01,5.999485254287719727e-01
6.976452310439998916e-01,6.180582642555236816e-01
6.519328746500000493e-01,6.775306463241577148e-01
4.541910461750000017e-01,3.924708366394042969e-01
5.231256354739999281e-01,6.083590388298034668e-01
6.318219043949999669e-01,6.542695760726928711e-01
4.669608087520000228e-01,5.709624886512756348e-01
3.731049308079999460e-01,5.807051658630371094e-01
4.740916549759999765e-01,6.115750670433044434e-01
9.986546853929999523e-01,6.904802322387695312e-01
8.064647708190000319e-01,6.442953348159790039e-01
5.645484834889999970e-01,6.812598109245300293e-01
7.574403674459999625e-01,6.588488817214965820e-01
7.881897493410000566e-01,6.358219981193542480e-01
5.904630150799999866e-01,6.443063020706176758e-01
7.709884070270000000e-01,5.094352960586547852e-01
6.113498604240000800e-01,6.518894433975219727e-01
5.969101145579999157e-01,6.714284420013427734e-01
4.837405541560000355e-01,6.414297819137573242e-01
7.504992402639999449e-01,8.666033744812011719e-01
5.972088185589999876e-01,7.436799407005310059e-01
9.337643561929999114e-01,6.858220100402832031e-01
6.045549769829999809e-01,7.000300884246826172e-01
8.115813619220000330e-01,7.448534965515136719e-01
8.438244913989999541e-01,7.323728203773498535e-01
6.400122787049999928e-01,7.096159458160400391e-01
7.226124211020000798e-01,7.096159458160400391e-01
6.584444369479999226e-01,6.988847255706787109e-01
5.164788636110000386e-01,7.216204404830932617e-01
8.695523799439999202e-01,7.245539426803588867e-01
8.578857786160000165e-01,7.643278837203979492e-01
7.031148564470000029e-01,6.675160527229309082e-01
6.588275098789999618e-01,7.400280833244323730e-01
1.410906938100000008e-01,5.640912055969238281e-01
6.584963877989999936e-01,6.391626000404357910e-01
1.307893292439999966e-01,6.477214694023132324e-01
6.303392082729999402e-01,6.031373739242553711e-01
5.755755974940000019e-01,5.492959022521972656e-01
6.659708986060000058e-01,6.104300618171691895e-01
7.982681125820000334e-01,4.506460130214691162e-01
7.008542422540000594e-01,6.135596036911010742e-01
7.273863068899999451e-01,5.590691566467285156e-01
5.720555206870000520e-01,5.990477204322814941e-01
1.745087888240000329e-02,5.454455614089965820e-01
5.213249220850000309e-01,5.950902104377746582e-01
8.739569803360000000e-01,8.273055553436279297e-01
7.480293224039999966e-01,8.682998418807983398e-01
7.110606692319999533e-01,8.246001005172729492e-01
8.506705818989999113e-01,8.283575773239135742e-01
8.436587379300000133e-01,7.988257408142089844e-01
8.976332115209999518e-01,7.808240652084350586e-01
8.587503425100000420e-01,8.203889131546020508e-01
6.574609439690000112e-01,7.748094797134399414e-01
5.937216270780000249e-01,6.895422339439392090e-01
6.243884980839999876e-01,8.143512010574340820e-01
7.207243463269999983e-01,7.945450544357299805e-01
7.140724387790000627e-01,6.976809501647949219e-01
7.461482240719999881e-01,7.233967185020446777e-01
1.071156607169999886e-01,2.416708469390869141e-01
1.446152374069999968e-01,3.027844130992889404e-01
5.548224041719999888e-02,2.230105996131896973e-01
-5.392291325990000023e-02,2.158972918987274170e-01
3.469552235409999463e-01,2.215713262557983398e-01
7.261902139189999050e-02,1.620199084281921387e-01
1.021928429309999914e-01,2.259180247783660889e-01
4.480059409759999944e-01,3.064113855361938477e-01
2.715344824679999935e-01,2.497558891773223877e-01
1.586540472140000047e-01,9.584340453147888184e-02
3.530294189060000365e-01,1.977167427539825439e-01
5.838979405990000204e-01,2.740850448608398438e-01
1.605897097539999985e-01,2.238809764385223389e-01
2.176990226749999924e-01,1.859723925590515137e-01
1.850574742799999950e-01,2.189902663230895996e-01
2.752908656640000104e-02,1.859215497970581055e-01
1.345906165589999884e-02,1.613955497741699219e-01
5.705646814439999659e-01,5.799707770347595215e-01
1.322876957169999979e-01,2.462121546268463135e-01
4.327399564270000276e-01,4.443327784538269043e-01
5.964519972289999972e-02,2.610715627670288086e-01
2.606252270850000219e-01,4.566884338855743408e-01
5.051161708610000384e-02,2.347775399684906006e-01
6.409810790380000567e-01,4.375391602516174316e-01
2.254338327650000084e-01,3.706005811691284180e-01
5.456666958139999579e-01,5.186697244644165039e-01
3.023808236149999606e-01,2.462121546268463135e-01
4.327631643779999981e-01,3.483662009239196777e-01
4.936518751089999935e-01,3.802177309989929199e-01
3.929718955109999801e-01,2.889875173568725586e-01
6.329075821890000064e-01,5.088037252426147461e-01
6.008577426510000041e-01,5.324107408523559570e-01
6.180051487439999214e-01,5.219105482101440430e-01
2.902186335820000282e-02,2.024175524711608887e-01
-1.316218347559999953e-03,2.310662269592285156e-01
4.856510256809999926e-01,6.074734926223754883e-01
1.455013914599999902e-01,3.803423345088958740e-01
4.585090508680000343e-01,5.400186777114868164e-01
4.552136657720000090e-01,4.355760216712951660e-01
5.729532510610000351e-01,5.666908025741577148e-01
8.118074530700000180e-01,6.374045610427856445e-01
4.976987860140000275e-01,5.211024284362792969e-01
1.979134344460000139e-01,2.371592223644256592e-01
4.017499537850000024e-01,5.431147813796997070e-01
4.526744351709999781e-01,5.236620903015136719e-01
6.320020728130000265e-01,4.890049099922180176e-01
2.355851793160000096e-01,3.717568516731262207e-01
2.765604967649999968e-01,5.901759862899780273e-01
6.401498832720000642e-01,5.755823254585266113e-01
8.138992297319999070e-01,5.287708044052124023e-01
5.675823588370000339e-01,5.996367931365966797e-01
5.847416339300000043e-01,6.012850403785705566e-01
5.293527329959999417e-01,6.461902260780334473e-01
6.196209198439999177e-01,5.901759862899780273e-01
5.586901413170000108e-01,5.834091901779174805e-01
3.347305499639999793e-01,4.224596619606018066e-01
-2.359197795779999912e-02,2.683940529823303223e-01
5.936869597609999438e-01,6.445321440696716309e-01
4.497189231000000009e-01,3.239024281501770020e-01
6.647652345150000253e-01,5.952451229095458984e-01
5.900539295620000901e-01,5.252946019172668457e-01
4.590179653769999590e-01,4.685677289962768555e-01
5.785533617050000466e-01,4.696724414825439453e-01
3.283697183639999739e-01,1.909164488315582275e-01
6.584513730609999893e-01,4.282803535461425781e-01
5.794238857369999884e-01,4.116292297840118408e-01
8.089339909780000060e-01,6.230297088623046875e-01
6.765832383159999797e-01,5.554085373878479004e-01
5.815561164360000257e-01,5.729939937591552734e-01
5.198092691960000122e-01,5.250704288482666016e-01
1.178393164370000051e-01,2.949798107147216797e-01
5.776360559229999359e-01,5.965290665626525879e-01
1.693287837159999920e-01,3.855459988117218018e-01
5.932921474610000079e-01,4.989631772041320801e-01
4.530732640530000382e-02,3.075095713138580322e-01
1.120434805230000053e-01,1.596651673316955566e-01
4.908442821859999583e-01,4.150467514991760254e-01
6.565848333239999828e-03,3.584178686141967773e-01
2.573085318330000093e-01,4.051476120948791504e-01
5.889441185399999501e-01,5.037733316421508789e-01
2.211935449240000073e-01,3.263472616672515869e-01
3.596752885380000153e-01,5.068228840827941895e-01
5.886974097520000226e-01,7.861107587814331055e-01
8.206466250780000138e-01,7.180844545364379883e-01
7.393927311200000352e-01,6.948149800300598145e-01
6.514605022089999808e-01,6.507453918457031250e-01
6.500906321520000253e-01,6.901254653930664062e-01
6.280377909030000483e-01,6.774572134017944336e-01
3.043002788449999940e-01,4.697397947311401367e-01
6.110773424259999809e-01,7.046842575073242188e-01
6.711091651360000521e-01,6.895638704299926758e-01
7.585694433380000268e-01,7.111714482307434082e-01
3.593441186390000097e-01,5.737037658691406250e-01
8.107890836359999964e-01,7.274432778358459473e-01
4.892215980179999701e-01,8.121376633644104004e-01
7.453807271680000790e-01,6.900192499160766602e-01
5.678882115470000880e-01,6.857867836952209473e-01
5.314780575409999708e-01,6.678246855735778809e-01
5.555755497479999416e-01,6.311261653900146484e-01
7.479787381489999554e-01,6.690793633460998535e-01
7.364422694670000880e-01,7.846476435661315918e-01
6.088683610570000404e-01,6.226643919944763184e-01
6.160626013659999956e-01,6.702357530593872070e-01
5.055889560620000500e-01,6.384691596031188965e-01
8.152799144570000989e-01,6.768075823783874512e-01
4.817153829670000054e-01,6.628392338752746582e-01
4.755104200529999825e-01,4.110412597656250000e-01
4.614550088579999487e-01,4.110685288906097412e-01
6.226078815070000827e-01,6.674496531486511230e-01
7.248560064129999647e-01,7.094665765762329102e-01
7.101719456080000104e-01,5.693525671958923340e-01
6.301257362540000351e-01,6.729392409324645996e-01
1.509648279979999841e-01,2.768460810184478760e-01
5.981621962800000025e-01,5.897833108901977539e-01
5.602547589390000082e-01,5.229785442352294922e-01
4.622489959669999759e-01,5.719316601753234863e-01
4.500096331999999810e-01,4.778535962104797363e-01
6.818321473530000176e-01,6.157796978950500488e-01
3.612726923899999831e-01,4.300733208656311035e-01
8.252338753100000313e-01,6.071991920471191406e-01
3.720568810989999808e-01,5.070424675941467285e-01
5.554302906239999560e-01,5.940699577331542969e-01
7.684205032390000190e-01,4.789260923862457275e-01
4.067582322789999871e-01,5.084111094474792480e-01
9.330414021709999561e-01,4.491078555583953857e-01
4.619859853819999751e-01,4.896171092987060547e-01
5.407998526210000545e-01,4.816654026508331299e-01
1.987008138390000123e-01,5.109313726425170898e-01
6.339715540209999167e-01,5.011411309242248535e-01
5.962029098170000818e-01,4.606395363807678223e-01
7.214091203250000417e-01,4.933982491493225098e-01
7.729075038999999592e-01,7.016612291336059570e-01
5.878376312520000591e-01,6.382714509963989258e-01
8.193903456209998826e-01,6.554085612297058105e-01
6.616085198400000200e-01,7.217440605163574219e-01
9.422629880099999689e-01,7.228847742080688477e-01
6.527016983979999631e-01,6.117901802062988281e-01
4.800222285989999560e-01,5.211914181709289551e-01
6.202317697010000241e-01,7.156267166137695312e-01
7.098915541220000014e-01,6.656322479248046875e-01
3.684156409480000560e-01,6.127042770385742188e-01
7.514300265000000145e-01,6.730359196662902832e-01
6.625230192580000566e-01,6.059783697128295898e-01
4.263855781369999542e-01,5.836777091026306152e-01
8.414864184639999634e-01,6.974831819534301758e-01
9.145442700759999211e-01,7.494432926177978516e-01
6.506938015259999819e-01,7.270680069923400879e-01
5.522308058410000386e-01,6.805295944213867188e-01
5.521858406499999816e-01,4.595901370048522949e-01
6.246563090429999576e-01,5.926250815391540527e-01
3.916837332079999845e-01,5.827105641365051270e-01
8.635482203720000749e-01,6.923478841781616211e-01
6.043398330150000497e-01,7.421531677246093750e-01
9.334612470479999313e-01,8.411810398101806641e-01
7.602948947959999870e-01,7.598494291305541992e-01
6.287210381379999546e-01,6.219487786293029785e-01
6.132343896519999449e-01,6.820029020309448242e-01
5.901719875280000416e-01,7.091999053955078125e-01
8.595130280940000977e-01,5.925324559211730957e-01
3.388613953919999977e-01,6.514588594436645508e-01
7.620066860439999035e-01,6.927771568298339844e-01
6.243462954709999568e-01,6.866118907928466797e-01
7.212735535550000021e-01,7.499340176582336426e-01
4.017087450079999678e-01,5.926274657249450684e-01
6.949326949690001198e-01,6.745775938034057617e-01
5.997187151439999919e-01,6.294906139373779297e-01
5.997267655069999925e-01,6.372543573379516602e-01
6.035558620489999138e-01,6.910796165466308594e-01
5.534151989529999538e-01,6.205008029937744141e-01
6.656318425430000074e-01,5.812926292419433594e-01
6.514279717840000261e-01,5.456180572509765625e-01
6.021328900190000555e-01,5.816791057586669922e-01
7.924336760639999477e-01,6.556990742683410645e-01
5.849337721699999770e-01,6.316286325454711914e-01
8.094346119939999085e-01,6.602929830551147461e-01
5.306655856520000603e-01,6.181265711784362793e-01
6.529042468590000592e-01,5.866029858589172363e-01
2.798815268719999638e-01,6.762428879737854004e-01
4.701850501439999719e-01,5.283682942390441895e-01
5.993390045480000428e-01,6.015173792839050293e-01
6.705499694209999806e-01,6.333908438682556152e-01
2.590644782229999943e-01,5.359156131744384766e-01
8.837729258380000452e-01,6.892516613006591797e-01
5.560905292509999986e-01,5.505750179290771484e-01
5.777945667750000736e-01,5.761346220970153809e-01
6.861099808910000597e-01,5.899955630302429199e-01
7.876998358310000059e-01,6.015164256095886230e-01
7.184653395569999823e-01,7.485262155532836914e-01
8.466197918629999597e-01,6.581181883811950684e-01
3.482315105080000528e-01,6.883209347724914551e-01
6.796859764420000172e-01,6.680843830108642578e-01
6.297989876300000844e-01,7.212821245193481445e-01
6.290148063739999795e-01,6.895126700401306152e-01
5.831073982140000389e-01,6.738498210906982422e-01
6.208328171620000058e-01,6.640325188636779785e-01
8.064037521469999970e-01,6.697853803634643555e-01
4.949477322979999871e-01,4.008125066757202148e-01
3.052584966930000365e-01,4.261167943477630615e-01
5.051209700830000537e-02,3.436126708984375000e-01
8.532926152439998524e-02,3.443849086761474609e-01
8.665077296819999608e-01,6.753673553466796875e-01
-2.120405130970000329e-02,3.409717977046966553e-01
6.831834277720000292e-01,5.629994869232177734e-01
5.731200784500000145e-01,5.728843212127685547e-01
6.957761106020000641e-01,6.660503745079040527e-01
3.601318270059999938e-01,3.436126708984375000e-01
4.089658407139999952e-01,4.175994396209716797e-01
3.044432604990000013e-01,3.729860186576843262e-01
5.087480726529999275e-01,4.184841215610504150e-01
6.054306729970000411e-01,3.535727858543395996e-01
5.448162069470000590e-01,3.512182235717773438e-01
5.545568311749999868e-01,5.250486731529235840e-01
8.037901295810000457e-01,6.677960753440856934e-01
5.832556647730000599e-01,5.768138766288757324e-01
5.975257129350000085e-01,6.594778299331665039e-01
9.070652458119999872e-01,7.350299358367919922e-01
4.866204874189999918e-01,6.552646160125732422e-01
5.726972324750000398e-01,6.519597768783569336e-01
7.039576147069999124e-01,6.888302564620971680e-01
8.624511310319999957e-01,6.881284117698669434e-01
3.475332618179999833e-01,5.562533736228942871e-01
8.226607661239999647e-01,6.472867727279663086e-01
9.210249214689999464e-01,6.220042109489440918e-01
5.615910194659999854e-01,6.047833561897277832e-01
6.506215418440000064e-01,6.370120048522949219e-01
7.475490931810000461e-01,7.377113699913024902e-01
5.425073487679999973e-01,6.222914457321166992e-01
5.557034106849999544e-01,6.173954606056213379e-01
8.893495151109999108e-01,5.971503257751464844e-01
3.873219167509999727e-01,6.872363090515136719e-01
6.668302622869999308e-01,6.474480032920837402e-01
8.053561685330000719e-01,6.224382519721984863e-01
9.563378334590000307e-01,7.103719711303710938e-01
7.369158800270000365e-01,5.887537598609924316e-01
6.434048540839999442e-01,6.142258048057556152e-01
6.446443080360000355e-01,6.252592206001281738e-01
5.694175943570000120e-01,5.747271776199340820e-01
5.973381999229999684e-01,5.903044939041137695e-01
5.130664581720000283e-01,5.994170308113098145e-01
7.177847506180000670e-01,5.782886743545532227e-01
7.999036209839999190e-01,6.486570835113525391e-01
6.803332393109999821e-01,6.087269186973571777e-01
5.269072402200000033e-02,2.501484751701354980e-01
-4.116002860669999708e-02,2.904729843139648438e-01
6.068027634860000408e-01,6.300986409187316895e-01
2.667965176709999886e-01,2.325576543807983398e-01
5.670246368800000436e-01,6.231736540794372559e-01
7.174836971289999532e-01,6.972044110298156738e-01
4.848996761699999603e-01,2.501484751701354980e-01
-9.822161342840000572e-03,1.086658835411071777e-01
1.482579709060000139e-01,3.293187916278839111e-01
4.964982823830000336e-01,3.628549575805664062e-01
6.604522341490000059e-01,6.183877587318420410e-01
9.163311630899999560e-01,8.024780750274658203e-01
9.509928097869999597e-01,7.545253038406372070e-01
6.208875887799999438e-01,7.810630202293395996e-01
7.977108019869999511e-01,7.457101345062255859e-01
9.201693556829999565e-01,7.870386838912963867e-01
8.838833413459999955e-01,7.385253310203552246e-01
7.285917307320000091e-01,8.120408058166503906e-01
6.323330750560000046e-01,7.832142114639282227e-01
9.351688486279999823e-01,8.084949254989624023e-01
7.376153604979999168e-01,7.832903861999511719e-01
9.505598906319999708e-01,9.147144556045532227e-01
7.228072533600000682e-01,6.823579668998718262e-01
1.046281172939999893e+00,8.224939107894897461e-01
8.558712492540000438e-01,7.320222854614257812e-01
5.346216789259999880e-01,6.958188414573669434e-01
6.104789820679999979e-01,7.413796782493591309e-01
7.672117245509999517e-01,7.933068871498107910e-01
7.424027693750000489e-01,7.800905704498291016e-01
8.059496046469999397e-01,7.686009407043457031e-01
6.108082991109999860e-01,6.724682450294494629e-01
5.607771227900000266e-01,7.260210514068603516e-01
9.216744030419999900e-01,7.545851469039916992e-01
8.658734258629999792e-01,7.650085687637329102e-01
6.326598985779999795e-01,7.225985527038574219e-01
8.919401567239999551e-01,7.064564228057861328e-01
5.361457215220000183e-01,6.534223556518554688e-01
8.819903768960000168e-01,6.730652451515197754e-01
6.491661903369999598e-01,6.249161958694458008e-01
7.868716382829999967e-01,5.951109528541564941e-01
5.778817282399999478e-01,6.261087059974670410e-01
8.377603421359999247e-01,7.123075723648071289e-01
1.836075661160000150e-01,5.138421654701232910e-01
5.077387168829999853e-01,5.902432799339294434e-01
5.402935445559999827e-01,5.843505263328552246e-01
6.460505311860000877e-01,6.047881245613098145e-01
4.992126511500000197e-01,6.221961379051208496e-01
6.209719847879999755e-01,5.913532376289367676e-01
6.252245230309999569e-01,6.019868254661560059e-01
7.147074742919999890e-01,6.441615223884582520e-01
8.756003697169999489e-01,6.824027299880981445e-01
6.401605256750000361e-01,6.351506710052490234e-01
5.044669217170000275e-01,5.731412172317504883e-01
6.688179183139999484e-01,6.415107250213623047e-01
4.103157424369999751e-01,5.004144310951232910e-01
7.321258272570000392e-01,5.932590365409851074e-01
6.909124978089999924e-01,5.798491239547729492e-01
6.493981845849999823e-01,5.733197927474975586e-01
8.751711067280000256e-01,6.151717901229858398e-01
8.849507492589999691e-01,6.527664065361022949e-01
5.355233126289999923e-01,5.333883762359619141e-01
5.235887217390000625e-01,5.804333090782165527e-01
4.023726006229999541e-01,5.375437736511230469e-01
8.342954702020000113e-01,8.141728639602661133e-01
1.008298306579999970e+00,9.688518047332763672e-01
8.622336877009999512e-01,8.478698730468750000e-01
5.761691424989999755e-01,8.365182876586914062e-01
9.363621793539999016e-01,8.315334320068359375e-01
9.175589398960000143e-01,8.522182703018188477e-01
8.961688786139999641e-01,8.066989183425903320e-01
9.771227889700001557e-01,9.447932243347167969e-01
1.020994081639999829e+00,7.943363189697265625e-01
8.503691942509999935e-01,8.167428374290466309e-01
4.439978300180000281e-01,8.478698730468750000e-01
6.711916558589999804e-01,7.558856010437011719e-01
9.418058382600000833e-01,8.449583053588867188e-01
8.247476652099999805e-01,8.391532301902770996e-01
9.948964001240000465e-01,9.460384845733642578e-01
8.806767274429999626e-01,7.713541388511657715e-01
7.085935675300000236e-01,6.602275371551513672e-01
7.494372924019999660e-01,7.628442049026489258e-01
6.065773527550000210e-01,7.897661924362182617e-01
9.130781459589999427e-01,8.156496286392211914e-01
6.027443217740000581e-01,7.603151798248291016e-01
7.704560639069999439e-01,6.759594678878784180e-01
6.617566337219999983e-01,6.946229934692382812e-01
7.005056332629999716e-01,7.719334363937377930e-01
9.021324245590000013e-01,8.068208694458007812e-01
8.591673274429999507e-01,7.623466253280639648e-01
9.089601097849999700e-01,7.361972332000732422e-01
1.326422711830000101e-01,3.133160471916198730e-01
2.424789255650000031e-01,3.056163191795349121e-01
2.620105721819999678e-01,3.353976011276245117e-01
3.682106300770000562e-01,4.928270280361175537e-01
8.579956479459999175e-01,6.276252269744873047e-01
3.888216740190000298e-01,3.771049678325653076e-01
5.162556681279999449e-01,3.867525160312652588e-01
7.007147655730000535e-02,2.400972545146942139e-01
5.087784535109999284e-01,5.741040706634521484e-01
4.061969123470000054e-01,5.556666254997253418e-01
6.110553155550000337e-01,5.740056037902832031e-01
4.177724131610000002e-01,3.264899253845214844e-01
8.467223402200000359e-01,7.817702889442443848e-01
1.471627309659999938e-01,3.814892768859863281e-01
6.204393668500000070e-01,7.263627052307128906e-01
9.823311373840000194e-01,7.868453264236450195e-01
5.565845575310000015e-01,6.892731785774230957e-01
7.170999685539999335e-01,5.101360082626342773e-01
1.902245623959999618e-02,2.087610960006713867e-01
6.292487733150000651e-01,4.834710955619812012e-01
4.167616493110000153e-01,5.025708675384521484e-01
4.516234177800000360e-01,4.866487979888916016e-01
7.855708862329999764e-01,6.975826025009155273e-01
4.267535395699999512e-01,4.318617582321166992e-01
7.522853958230000249e-01,5.989216566085815430e-01
7.218289951610000754e-01,6.626778244972229004e-01
7.569346568359999194e-01,6.900950670242309570e-01
5.745717392230000886e-01,6.175047755241394043e-01
4.259851703950000013e-01,5.437449812889099121e-01
2.475008890429999941e-01,5.145988464355468750e-01
8.486919821699999700e-01,6.204744577407836914e-01
3.948890980460000311e-01,5.140318870544433594e-01
7.015483030040000623e-01,5.587462186813354492e-01
6.100397933910000070e-01,6.270276904106140137e-01
5.529503969510000116e-01,5.614287853240966797e-01
5.432238851999999785e-01,5.572091937065124512e-01
4.531303635100000227e-01,5.253071188926696777e-01
3.253574078240000222e-01,3.670740723609924316e-01
7.877621217600000447e-02,9.670907258987426758e-02
8.744383708059999538e-02,1.676082313060760498e-01
5.182580271710000019e-01,4.574763476848602295e-01
7.827976757700000343e-02,1.576544940471649170e-01
4.066026335560000288e-02,1.593696475028991699e-01
9.308030896660000053e-01,5.376731157302856445e-01
1.049773045290000040e-01,1.537751555442810059e-01
6.731154874259999144e-01,4.523222446441650391e-01
3.507492774559999721e-02,7.885992527008056641e-04
5.164709279000000430e-01,2.597903311252593994e-01
2.946004437220000119e-02,7.208505272865295410e-02
7.135037630599999625e-02,2.621494531631469727e-01
8.554493150589999317e-02,1.837791502475738525e-01
6.170045156889999438e-01,5.502969026565551758e-01
4.981757592410000074e-02,6.111705303192138672e-02
4.572233000289999821e-02,9.295284748077392578e-02
1.262683520539999993e-01,4.340419173240661621e-01
6.731402656819999997e-02,1.326628327369689941e-01
4.917638150690000626e-02,1.728442609310150146e-01
9.378963193269999055e-01,6.564784646034240723e-01
6.595554682280000414e-01,5.628007650375366211e-01
6.142378484149999679e-02,9.295284748077392578e-02
3.724567328689999957e-01,2.149672508239746094e-01
1.108420755690000051e-02,3.640222549438476562e-02
1.581986264520000018e-01,2.822660207748413086e-01
3.237403369590000080e-01,4.075006246566772461e-01
5.533837245870000254e-01,5.601452589035034180e-01
4.808471070220000088e-01,5.726715326309204102e-01
7.472976387530000375e-01,6.619646549224853516e-01
4.042635215140000238e-01,4.467174112796783447e-01
5.830194088390000529e-01,5.338334441184997559e-01
6.536656528430000446e-01,5.433161854743957520e-01
2.563770450149999713e-01,4.021869301795959473e-01
7.458024381530000690e-01,6.033968925476074219e-01
6.294706886219999520e-01,5.596185922622680664e-01
2.845977776410000271e-01,2.858597338199615479e-01
4.834072416030000263e-01,5.555097460746765137e-01
5.175362778519999596e-01,4.570368528366088867e-01
2.374117047960000171e-01,4.011856019496917725e-01
8.698405832729999565e-01,8.105329871177673340e-01
5.877503574399999264e-01,5.805184245109558105e-01
5.617389679969999605e-01,6.863691210746765137e-01
7.169382238460000334e-01,6.306104063987731934e-01
5.285269143169999406e-01,5.908714532852172852e-01
5.844098556300000302e-01,7.721601724624633789e-01
5.115345017580000819e-01,6.415945887565612793e-01
5.988246564910000291e-01,5.992947816848754883e-01
4.586831675429999811e-01,6.179652214050292969e-01
9.632779132240000264e-01,7.130823135375976562e-01
6.751579940019999393e-01,6.984049677848815918e-01
6.008296553940000173e-01,6.296288967132568359e-01
7.583810252140000818e-01,4.026910066604614258e-01
5.833980910299999545e-01,5.397834777832031250e-01
4.493771837220000148e-02,-8.391737937927246094e-04
2.750358419230000163e-03,8.323109149932861328e-02
4.080901746589999379e-01,4.328591525554656982e-01
4.713299686509999642e-01,6.392550468444824219e-02
6.237234348860000166e-01,5.054273605346679688e-01
5.866096007010000030e-02,8.323109149932861328e-02
1.722110160979999777e-02,-1.686954498291015625e-02
1.276486403959999905e-01,2.166150212287902832e-01
4.917362987639999766e-02,-1.026111841201782227e-02
3.515588141709999892e-01,3.455024957656860352e-01
5.386372520109999895e-01,4.918514490127563477e-01
2.220154176400000179e-01,3.272364437580108643e-01
2.356584343170000165e-02,1.544916629791259766e-01
-3.337678498129999921e-02,1.288777589797973633e-01
1.252479114070000066e-01,3.835123777389526367e-01
5.307752562159999687e-01,4.843459725379943848e-01
5.586716620530000205e-02,1.411776542663574219e-01
6.849556483050001088e-01,5.516766905784606934e-01
1.494801557259999858e-01,1.336210072040557861e-01
1.743779189680000064e-01,1.610512733459472656e-01
5.276854304729999834e-01,5.285936594009399414e-01
1.431446827969999891e-01,4.456195235252380371e-02
4.451494536089999898e-01,2.671476900577545166e-01
-7.024603319899999643e-02,8.353009819984436035e-02
4.324374896739999752e-01,4.116757214069366455e-01
8.835856752979999451e-02,2.168845236301422119e-01
5.668801224569999797e-02,2.833282351493835449e-01
4.289255698150000184e-01,6.166517138481140137e-01
7.289192951659999586e-01,7.129693031311035156e-01
3.108364888599999820e-01,6.711762547492980957e-01
5.515946727870000288e-01,6.479703783988952637e-01
4.385112834719999686e-01,6.269704699516296387e-01
7.609462626409999597e-01,7.009655237197875977e-01
5.874823505949999802e-01,6.887038946151733398e-01
6.131763421179999840e-01,5.489346385002136230e-01
7.816611552809999974e-01,6.987078785896301270e-01
6.215364383300000517e-01,6.012480854988098145e-01
6.452974538390000570e-01,6.072036623954772949e-01
6.525400245550000422e-01,6.316092014312744141e-01
8.663241178799999456e-03,1.429572105407714844e-01
1.221024835870000019e-02,1.429572105407714844e-01
5.845087455170000501e-01,4.413675367832183838e-01
4.306199323430000003e-01,5.107380747795104980e-01
9.194949363510002138e-02,1.430718302726745605e-01
7.078564045710000752e-02,2.695079445838928223e-01
1.561519866689999869e-01,2.942741513252258301e-01
4.898446982760000235e-01,3.983409106731414795e-01
5.968098177439999930e-01,5.002775788307189941e-01
6.318341980070000252e-01,6.074956655502319336e-01
5.723112074180000119e-01,6.212373971939086914e-01
7.097465715440000045e-01,6.461774110794067383e-01
6.015342018389999712e-01,5.117722749710083008e-01
4.963101361949999735e-01,5.456613302230834961e-01
5.000626019039999814e-01,5.236784815788269043e-01
6.155968740889999902e-01,4.773894548416137695e-01
3.517964309409999935e-01,5.607080459594726562e-01
1.759043663600000085e-01,3.465285599231719971e-01
5.798386744349999233e-01,5.856082439422607422e-01
5.577013605520000361e-01,5.984445810317993164e-01
6.245756394889999674e-01,5.814573168754577637e-01
8.378451852259999333e-01,6.415577530860900879e-01
5.724787941560000037e-01,5.122270584106445312e-01
7.027635142620000108e-01,7.438115477561950684e-01
6.895484081350000682e-01,7.423961162567138672e-01
7.466089331959999686e-01,7.142744660377502441e-01
5.878546802990000097e-01,6.690722703933715820e-01
5.390876770889999614e-01,5.879307985305786133e-01
8.785249904729999226e-01,6.387166976928710938e-01
7.932980164159999514e-01,7.469724416732788086e-01
4.713642269109999949e-01,7.027872800827026367e-01
7.448555131669999385e-01,6.803312301635742188e-01
7.732718857940000801e-01,6.160691380500793457e-01
8.640812686849999036e-01,6.302984952926635742e-01
1.077668556869999961e+00,8.953707218170166016e-01
8.392605407250000038e-01,7.970682382583618164e-01
9.334598309029998875e-01,7.850323915481567383e-01
8.604223457350000936e-01,8.352100849151611328e-01
8.823237268979999826e-01,7.921136617660522461e-01
6.679881185279999967e-01,8.585838079452514648e-01
9.915488412119999317e-01,8.690451979637145996e-01
6.195921861619999582e-01,7.113352417945861816e-01
2.367178848710000116e-01,4.984720051288604736e-01
6.848907072920000783e-01,7.793760895729064941e-01
9.249779168549999708e-01,7.950593233108520508e-01
2.442640901680000198e-01,7.513859272003173828e-01
6.829813356119999179e-01,7.503197789192199707e-01
8.212740717139999092e-01,6.970288753509521484e-01
6.165396796950000091e-01,6.173631548881530762e-01
9.471282289650000408e-01,7.151184082031250000e-01
7.118219524989999325e-01,7.098853588104248047e-01
8.279919187209999754e-01,7.796103358268737793e-01
6.155158922689999423e-01,7.938784360885620117e-01
5.692158380840000031e-01,6.986591219902038574e-01
4.552333149250000210e-01,4.802999198436737061e-01
6.712609685999999520e-01,6.059940457344055176e-01
3.263272843810000046e-01,5.778134465217590332e-01
8.075802861740000171e-01,7.347440719604492188e-01
6.262574525999999864e-01,7.110652923583984375e-01
6.166821192039999566e-01,6.702578663825988770e-01
7.841838013890000542e-03,8.643877506256103516e-02
-8.074480305060000029e-02,1.162403225898742676e-01
-1.305043281279999988e-02,3.703087568283081055e-02
9.246317683000000731e-02,8.583950996398925781e-02
1.682867566990000133e-02,1.749664545059204102e-02
5.840979889569999917e-02,1.412196755409240723e-01
4.151938237589999914e-01,1.666426658630371094e-01
-2.855891919710000157e-02,1.535084247589111328e-01
1.003228248670000045e-01,4.161122441291809082e-02
1.397883692369999986e-02,2.407652139663696289e-02
5.774552606680000144e-01,4.501998126506805420e-01
2.431181643280000068e-02,3.678634166717529297e-01
5.532671334659999829e-01,5.405811667442321777e-01
3.876727438690000249e-01,4.940799772739410400e-01
5.538992813790000191e-01,4.082944691181182861e-01
4.361584810169999993e-01,4.334164261817932129e-01
3.986634621469999917e-01,4.347886443138122559e-01
7.688862760310000155e-01,8.431841135025024414e-01
8.458913028919999855e-01,9.071196317672729492e-01
5.862111290239999661e-01,7.098704576492309570e-01
6.203455181620000092e-01,6.550114154815673828e-01
9.999800707579999948e-01,8.842917680740356445e-01
1.125305590600000016e+00,8.103442192077636719e-01
-7.835496848149998972e-03,7.081990838050842285e-01
8.038304948929999583e-01,8.463048338890075684e-01
5.543125415860000738e-01,7.626573443412780762e-01
8.184442168569999732e-01,7.621564865112304688e-01
6.615137452989999778e-01,7.708027362823486328e-01
1.023256276759999972e+00,8.684450387954711914e-01
5.818566744459999773e-01,6.376394033432006836e-01
5.605476416519999949e-01,6.737685203552246094e-01
5.813108347400000042e-01,6.841736435890197754e-01
6.716366871420000884e-01,6.280812621116638184e-01
7.273861680410000918e-01,7.717118859291076660e-01
8.083687285389999921e-01,6.916255354881286621e-01
5.091699207580000497e-01,6.176291108131408691e-01
8.500271653210000888e-01,7.484942078590393066e-01
7.407354345880000634e-01,6.461696624755859375e-01
7.269722717790000344e-01,8.428192138671875000e-01
1.085967499599999941e+00,9.199305772781372070e-01
5.947902045490000011e-01,7.372052669525146484e-01
1.071458230120000188e+00,7.559885978698730469e-01
6.768074184180000730e-01,7.054756283760070801e-01
9.717523639929999124e-01,8.077563047409057617e-01
5.349423775349999577e-01,7.908591032028198242e-01
6.684313338270000404e-01,8.038989305496215820e-01
8.962509516380000596e-01,7.546260356903076172e-01
9.398217525550000007e-01,8.723101615905761719e-01
8.278978015520001010e-01,8.057966232299804688e-01
6.309438980720000201e-01,7.221848964691162109e-01
6.959729149760000011e-01,6.524744033813476562e-01
6.155961095549999929e-01,8.007954359054565430e-01
7.926748908080000211e-01,7.663366794586181641e-01
8.609885945200000945e-01,5.987486839294433594e-01
3.331125820540000171e-01,6.156591176986694336e-01
9.193339650640000027e-01,8.163407444953918457e-01
8.046627328910000987e-01,7.743668556213378906e-01
9.391750260700000297e-01,8.129805326461791992e-01
1.023261547260000182e+00,6.014006137847900391e-01
2.013891815420000009e-01,1.697756946086883545e-01
-2.684106353009999696e-02,1.901806592941284180e-01
1.246501940179999962e-01,3.018268942832946777e-01
3.861330349550000096e-01,4.187190234661102295e-01
-1.003463604389999986e-01,2.563537955284118652e-01
4.149077204500000171e-01,3.139616847038269043e-01
4.950541188809999826e-01,4.115676283836364746e-01
-6.453618112690000241e-02,1.075765490531921387e-01
3.280368785740000320e-02,1.313296556472778320e-01
5.623831713330000592e-02,1.818836033344268799e-01
1.940547962330000167e-02,2.246791124343872070e-02
5.942896296230000264e-01,4.318345785140991211e-01
5.287010742019999654e-01,4.175995290279388428e-01
4.223689121209999731e-01,3.867213129997253418e-01
-1.763151549819999900e-02,1.593944430351257324e-01
6.639334677970000209e-01,7.058908939361572266e-01
6.113122236970000012e-01,3.877688944339752197e-01
1.017007863319999927e+00,7.701193094253540039e-01
9.376248187869999917e-01,8.346680998802185059e-01
6.577815861160000166e-01,7.368479371070861816e-01
-7.731212968710000910e-02,2.210527658462524414e-01
6.309881822680000196e-01,3.876726925373077393e-01
8.159002060459999983e-01,7.049936056137084961e-01
3.549410357919999814e-01,3.529019653797149658e-01
8.045670987540001207e-01,4.711164236068725586e-01
8.148060503959999590e-01,8.007920980453491211e-01
5.826570192269999726e-01,6.135699748992919922e-01
8.970777261280000747e-01,6.628482937812805176e-01
5.158838436959999330e-01,6.685957908630371094e-01
8.878734462930000237e-01,7.034191489219665527e-01
7.012343089020000031e-01,6.023483276367187500e-01
4.496544199509999729e-01,4.637728333473205566e-01
8.052861673080000671e-01,6.776690483093261719e-01
5.731832737680000456e-01,6.623818874359130859e-01
5.797230587139999836e-01,6.899833083152770996e-01
7.239271462029999160e-01,6.474053263664245605e-01
6.044371362210000376e-01,2.668537497520446777e-01
1.749819271970000090e-01,2.676611840724945068e-01
-6.076732777660000251e-02,1.511187553405761719e-01
4.463073086969999714e-01,3.849556148052215576e-01
6.199828566130000107e-01,4.197048842906951904e-01
2.834347488419999839e-01,3.908166885375976562e-01
1.110143626770000030e-01,1.439532637596130371e-01
5.851642500260000324e-01,4.195047020912170410e-01
3.850893777150000141e-01,3.700247406959533691e-01
4.283403920480000071e-01,4.558004736900329590e-01
7.014650725210000992e-01,5.611912608146667480e-01
5.287555813740000277e-01,4.971091151237487793e-01
5.967875788550000005e-01,5.607638955116271973e-01
5.381517067719999714e-01,4.540008902549743652e-01
4.770020267110000045e-01,4.381121993064880371e-01
3.918174710740000150e-02,4.974759221076965332e-01
5.727395894929999676e-01,6.872768998146057129e-01
1.059549894700000106e-01,3.543743491172790527e-01
9.047059134200000630e-01,6.671199798583984375e-01
5.337791361420000102e-01,5.007802248001098633e-01
1.026862971340000014e-02,1.619801521301269531e-01
1.831923977430000294e-01,4.495437443256378174e-01
7.082990249660000570e-01,4.718761146068572998e-01
1.032394520530000026e-02,2.758340537548065186e-01
7.100718204829999936e-01,2.600963115692138672e-01
5.600522073519999949e-02,2.722495198249816895e-01
5.350965085930000642e-01,6.203349828720092773e-01
5.419138769329999716e-01,3.705458343029022217e-01
1.664751977750000000e-01,3.273301124572753906e-01
2.609526647689999757e-01,3.170070052146911621e-01
8.208915236429999984e-01,8.428453207015991211e-01
5.556643693360000524e-01,6.803458929061889648e-01
8.824815717349999700e-01,8.759444952011108398e-01
8.899604911419999320e-01,7.476169466972351074e-01
6.318153450750000344e-01,6.390920281410217285e-01
5.878780207620000198e-01,6.803458929061889648e-01
5.620009259789999767e-01,7.996407747268676758e-01
9.863833602729999983e-01,7.595613002777099609e-01
6.468753548769999862e-01,7.517972588539123535e-01
9.449293991310000473e-01,7.839317917823791504e-01
8.067900733389999912e-01,7.455854415893554688e-01
9.536995441619999792e-01,8.617494106292724609e-01
9.344496930769999876e-01,7.848358154296875000e-01
6.702037248959999971e-01,7.922272682189941406e-01
6.671610859279999417e-01,7.181285619735717773e-01
6.345220103140000178e-01,8.251006603240966797e-01
8.958960644819999874e-01,8.834217786788940430e-01
9.147733225679999247e-01,7.287565469741821289e-01
5.412381413729999702e-01,6.818131804466247559e-01
7.551785134070000405e-01,8.141800761222839355e-01
8.158645760039999750e-01,7.909847497940063477e-01
7.522525957660000095e-01,7.994244098663330078e-01
6.152426471859999690e-01,6.676175594329833984e-01
5.897921553670000261e-01,6.956882476806640625e-01
8.530759447579999710e-01,6.945079565048217773e-01
6.198905473629999774e-01,6.803764104843139648e-01
9.532092279330000029e-01,6.929102540016174316e-01
5.720341160440000072e-01,6.783180236816406250e-01
8.681456860899999795e-01,5.685230493545532227e-01
9.012316383539999975e-01,6.855375766754150391e-01
7.563655452259999690e-01,7.277518510818481445e-01
7.545459685340000222e-01,6.704027652740478516e-01
5.403522287210000830e-01,6.377431750297546387e-01
6.686320928060000002e-01,6.186529994010925293e-01
6.587992434449999601e-01,6.868910193443298340e-01
7.370093530740000620e-01,7.474670410156250000e-01
6.091016988570000512e-01,6.351315379142761230e-01
6.833028477259999178e-01,6.833623051643371582e-01
6.949743658079999831e-01,6.189319491386413574e-01
9.556682585319999923e-01,6.707130670547485352e-01
6.024992227130000488e-01,6.159958839416503906e-01
1.039383267549999879e+00,6.376222968101501465e-01
5.920634044729999879e-01,6.340234279632568359e-01
5.594076145480000317e-01,6.323447227478027344e-01
9.801139316590000705e-01,8.780840039253234863e-01
8.285282988339999211e-01,7.934387922286987305e-01
7.969090030369999633e-01,7.616646289825439453e-01
7.060548727359999832e-01,7.812108993530273438e-01
6.266357845000000149e-01,7.162746191024780273e-01
8.320812442580000079e-01,6.279001235961914062e-01
7.056205904410000063e-01,7.148633003234863281e-01
6.543591639579999786e-01,6.852089762687683105e-01
8.609679474979999858e-01,6.846400499343872070e-01
7.785923562350000049e-01,6.989716291427612305e-01
8.632616763179999930e-01,8.460444211959838867e-01
9.208052893939999706e-01,8.596717715263366699e-01
6.803734237160000697e-01,7.268394231796264648e-01
7.486638255660000851e-01,6.985309720039367676e-01
9.079702366640000077e-01,8.247331380844116211e-01
8.555374533220000410e-01,8.132770061492919922e-01
6.098381811530000363e-01,6.790601015090942383e-01
8.355942749089999566e-01,7.693657875061035156e-01
6.647683410460000220e-01,7.581750154495239258e-01
9.602962422280000299e-01,8.768491744995117188e-01
7.569060591220000411e-01,7.379826307296752930e-01
3.936417648439999861e-01,6.366708278656005859e-01
1.039700401599999990e+00,7.134544849395751953e-01
7.656321141150000953e-01,6.857971549034118652e-01
9.184863931790000491e-01,7.482324242591857910e-01
6.670412523080000433e-01,6.979656219482421875e-01
7.221293659280000332e-01,6.968887448310852051e-01
7.433839820039999102e-01,8.043750524520874023e-01
9.988048635749999793e-01,7.839140892028808594e-01
8.580983086499999191e-01,7.909726500511169434e-01
8.243743007630000008e-01,7.513326406478881836e-01
9.454726312410000055e-01,7.918958663940429688e-01
6.967545491309999894e-01,7.458968758583068848e-01
6.620012309670000317e-01,7.755635976791381836e-01
6.683359606800000075e-01,8.407207727432250977e-01
9.606232351329999641e-01,7.993419170379638672e-01
6.864634109970000342e-01,7.998321056365966797e-01
9.713003591469999698e-01,9.144750833511352539e-01
1.144125887169999967e+00,8.150882720947265625e-01
9.725892024449999118e-01,8.291079998016357422e-01
6.493945266910000624e-01,7.694756984710693359e-01
9.870875765909999933e-01,7.513904571533203125e-01
1.008421004760000184e+00,9.162253141403198242e-01
7.763007608490000155e-01,7.598763704299926758e-01
6.262509140209999714e-01,7.515929937362670898e-01
8.413375250679999695e-01,7.483608722686767578e-01
7.208689233040000977e-01,7.153142690658569336e-01
5.920919019389999649e-01,7.098619937896728516e-01
6.430567532460000901e-01,7.484372258186340332e-01
6.628205709860000017e-01,7.611682415008544922e-01
1.028533164730000005e+00,8.261504173278808594e-01
9.076625218799999617e-01,7.290898561477661133e-01
5.478066571190000067e-01,7.694976329803466797e-01
8.139022129690000051e-01,7.516068220138549805e-01
8.751874419410000661e-01,7.286443114280700684e-01
6.508466414600000416e-01,6.829153299331665039e-01
6.741060507589999862e-01,7.143629193305969238e-01
8.241255979649999563e-01,7.352485656738281250e-01
6.629711294169999825e-01,6.842650771141052246e-01
8.468271568290000051e-01,8.775302171707153320e-01
5.793298336719999719e-01,6.927350759506225586e-01
1.064788480760000100e+00,7.505308389663696289e-01
6.487590850020000799e-01,6.725883483886718750e-01
7.554883086220001154e-01,6.743521690368652344e-01
9.340964231380001204e-01,7.773777246475219727e-01
6.762289267209998789e-01,7.279575467109680176e-01
7.213320487469999653e-01,6.104153990745544434e-01
7.344104928669999977e-01,6.927350759506225586e-01
8.204087853439999689e-01,6.716367006301879883e-01
6.149286242770000133e-01,6.762191653251647949e-01
6.397409798140000214e-01,7.395836114883422852e-01
1.817860697360000055e-01,6.528270244598388672e-01
3.700826819049999883e-01,6.417424082756042480e-01
8.613011615310000035e-01,7.132421731948852539e-01
1.020483348850000027e+00,6.671054959297180176e-01
9.549614081149999656e-01,6.793643832206726074e-01
8.521975622169999376e-01,7.958539724349975586e-01
9.915571934700000423e-01,6.984664201736450195e-01
6.502888428769999507e-01,6.407876014709472656e-01
7.407486408000000244e-01,6.583555936813354492e-01
6.095459108730000297e-01,6.573485136032104492e-01
7.675230764889999779e-01,7.075982689857482910e-01
5.877480016149999598e-01,5.965175032615661621e-01
5.631572168550000868e-01,6.261707544326782227e-01
3.796293029360000015e-01,5.641328096389770508e-01
2.937411332900000116e-01,5.218877196311950684e-01
3.424188946030000125e-01,5.459219813346862793e-01
5.587463659529999793e-01,5.354008078575134277e-01
6.501863792119999541e-01,5.487436056137084961e-01
5.767643317989999963e-01,5.311438441276550293e-01
3.845024600150000471e-01,5.010559558868408203e-01
6.130144372439999545e-01,6.213435530662536621e-01
5.494291108330000561e-01,6.413518786430358887e-01
6.605302984109999720e-01,5.636568069458007812e-01
6.758983116419999826e-01,6.809006333351135254e-01
6.370729370729999452e-01,6.639695167541503906e-01
6.772318804570000017e-01,6.867533326148986816e-01
6.193911108840000068e-01,7.908229827880859375e-01
4.017197353980000440e-01,5.519116520881652832e-01
7.908303068889999121e-01,7.078505754470825195e-01
8.194053280649999937e-01,6.555095911026000977e-01
5.909487850119999885e-01,6.417739987373352051e-01
5.434511752889999991e-01,7.225438356399536133e-01
5.431808057070000029e-01,6.129261851310729980e-01
5.632066010170000414e-01,5.301157832145690918e-01
4.834292534940000108e-01,5.519116520881652832e-01
4.230249587740000372e-01,5.815483331680297852e-01
5.772786591149999813e-01,6.069914698600769043e-01
7.538436551970000288e-01,6.798466444015502930e-01
8.532390589439999840e-01,7.773574590682983398e-01
6.270892936390000116e-01,6.882012486457824707e-01
5.836168375839999589e-01,6.015444397926330566e-01
7.714252871240000475e-01,7.035470604896545410e-01
6.169797919199999647e-01,4.158139228820800781e-01
8.730930432790000584e-01,6.870656013488769531e-01
6.691253882399998965e-01,6.342779397964477539e-01
5.194870202029999717e-01,5.768601894378662109e-01
6.410378861490000357e-01,7.213760018348693848e-01
6.397221585689999435e-01,7.468991279602050781e-01
7.423543145229999363e-01,8.674060106277465820e-01
6.505205686449999636e-01,6.807117462158203125e-01
8.219699830169999721e-01,7.622367739677429199e-01
9.142311557350000228e-01,7.133619189262390137e-01
9.740936788510000666e-01,7.675015926361083984e-01
8.397889839740000362e-01,8.147347569465637207e-01
7.067669078100000668e-01,6.479097008705139160e-01
5.969459957949999618e-01,7.160652875900268555e-01
5.663443020180000120e-01,6.986658573150634766e-01
9.249441707809999969e-01,7.211424112319946289e-01
1.029164946220000099e+00,6.369336247444152832e-01
3.784191835779999735e-01,5.184403657913208008e-01
6.299313384040000630e-01,6.556243896484375000e-01
5.727774975810000502e-01,6.140207052230834961e-01
9.903331085500000075e-01,6.553981304168701172e-01
3.650823160769999798e-01,5.277902483940124512e-01
3.746203601560000318e-01,6.307699680328369141e-01
6.908865543590000380e-01,6.268242597579956055e-01
9.008419104639999730e-01,7.323228120803833008e-01
5.085287712799999582e-01,5.408126115798950195e-01
9.790856578540000354e-01,6.228276491165161133e-01
6.895214236059999946e-01,5.858537554740905762e-01
4.737140806960000172e-01,5.146575570106506348e-01
6.320851431299999712e-01,6.038328409194946289e-01
2.977767991529999825e-01,4.532866477966308594e-01
6.529154579089999633e-01,5.905570983886718750e-01
4.934850166080000378e-01,5.537464022636413574e-01
5.400522289870000048e-01,5.722663402557373047e-01
4.647388873449999624e-01,5.410183072090148926e-01
7.880309953599999861e-01,8.939738273620605469e-01
1.238053452690000000e+00,8.677698373794555664e-01
7.570787256600000070e-01,8.160326480865478516e-01
7.350418929549999980e-01,8.734083175659179688e-01
9.037622084639999054e-01,8.926839828491210938e-01
5.691165869590000259e-01,6.872557401657104492e-01
7.252215204160000761e-01,7.181533575057983398e-01
5.666792905529999258e-01,6.219436526298522949e-01
8.196369403340000304e-01,6.981295943260192871e-01
1.743885630989999991e-01,5.827755331993103027e-01
6.143551541910000635e-01,6.404339075088500977e-01
7.329131173489999984e-01,6.708732843399047852e-01
6.565362209989999975e-01,6.756361722946166992e-01
6.244014836369999877e-01,5.819943547248840332e-01
8.517210323710000530e-01,5.264199972152709961e-01
8.218313022259999823e-01,6.567482948303222656e-01
6.840810728780000183e-01,6.063143014907836914e-01
5.242717218110000132e-01,6.724395155906677246e-01
4.503691847619999966e-01,5.922228097915649414e-01
1.000806963360000079e+00,8.654732704162597656e-01
5.597055989540000720e-01,6.669229865074157715e-01
7.085809386059999104e-01,7.624529600143432617e-01
7.532147255850000223e-01,7.467170953750610352e-01
8.406223719410000905e-01,7.526309490203857422e-01
6.934920556980000983e-01,7.554315924644470215e-01
6.510258269879999338e-01,6.285127997398376465e-01
6.158478779780000023e-01,7.230984568595886230e-01
5.398299973810000152e-01,6.966993808746337891e-01
5.243108201980000160e-01,7.194115519523620605e-01
7.531643043769999935e-01,8.227571249008178711e-01
4.390821298300000008e-01,8.874356746673583984e-01
8.778820342280000411e-01,8.557866811752319336e-01
1.004229610779999948e+00,8.612771034240722656e-01
9.150326550940000025e-01,8.621779680252075195e-01
8.904648351559999453e-01,7.011023759841918945e-01
9.604326680179999798e-01,8.263585567474365234e-01
6.394358553410000034e-01,8.741654157638549805e-01
8.587957743709999647e-01,8.311228752136230469e-01
6.617741269710000207e-01,8.031475543975830078e-01
6.274531385730000022e-01,8.515343666076660156e-01
7.295772010140000319e-01,7.870192527770996094e-01
8.284986969130000434e-01,8.142235279083251953e-01
7.845038666360000246e-01,7.886039018630981445e-01
8.079186606659999326e-01,8.215734958648681641e-01
8.792236545580000007e-01,7.438799142837524414e-01
7.796717518310000150e-01,7.765473127365112305e-01
6.947129476660000025e-01,7.500022649765014648e-01
4.959557618010000390e-01,7.438799142837524414e-01
6.506042663750000177e-01,7.210718989372253418e-01
6.046977379769999938e-01,7.063592672348022461e-01
7.975571560369999480e-01,7.496809959411621094e-01
8.984244706209999487e-01,7.327130436897277832e-01
1.952914388800000012e-01,5.137017369270324707e-01
1.740548149870000116e-01,4.546553790569305420e-01
8.395155476140000461e-01,5.303437709808349609e-01
4.944056507329999683e-01,6.242603063583374023e-01
3.794611245060000027e-01,5.221950411796569824e-01
6.299670024379999678e-01,4.720630049705505371e-01
8.926049998379999018e-01,5.371003746986389160e-01
7.164317619519999791e-01,5.965005159378051758e-01
9.572696601980000830e-01,8.450817465782165527e-01
9.619684649619999472e-01,9.624955654144287109e-01
6.066031400729999801e-01,7.738472819328308105e-01
9.715237822050000194e-01,8.820723295211791992e-01
5.666470009540000019e-01,7.894734740257263184e-01
9.477123731419999642e-01,8.133707046508789062e-01
9.889394791789999362e-01,8.034403324127197266e-01
5.035955167719999848e-01,7.394390106201171875e-01
9.945261508509999349e-01,9.062511920928955078e-01
1.032949399640000099e+00,8.271417021751403809e-01
9.243674610759999855e-01,7.727373838424682617e-01
8.655026932109999294e-01,8.173158168792724609e-01
6.236161068959999998e-01,7.946907281875610352e-01
9.758221072089999781e-01,8.509058952331542969e-01
8.476544267969999824e-01,9.329892396926879883e-01
9.402570275339999784e-01,8.401020169258117676e-01
9.192955540080000043e-01,7.697016000747680664e-01
5.366434756810000151e-01,7.893713116645812988e-01
5.054473940100000506e-01,7.505873441696166992e-01
9.038845344529999881e-01,7.926187515258789062e-01
8.959017532590000110e-01,7.992000579833984375e-01
7.063693836329999476e-01,7.742100954055786133e-01
5.668479270130000192e-01,6.578108072280883789e-01
5.284471815619999902e-01,4.914040565490722656e-01
6.135545968150000196e-01,5.585362911224365234e-01
7.558391167280000822e-01,7.395906448364257812e-01
7.758204682520000173e-01,6.656623482704162598e-01
3.651515712039999917e-01,5.980361104011535645e-01
5.994655167490000602e-01,6.138159036636352539e-01
5.647711777330000071e-01,6.762474179267883301e-01
4.801380229219999740e-01,6.285793781280517578e-01
7.498708430029999983e-01,5.847554802894592285e-01
1.001831506670000094e+00,8.309943079948425293e-01
9.346647460160000254e-01,8.180171251296997070e-01
5.160310605329999634e-01,7.276117801666259766e-01
9.107050243040000215e-01,6.899203062057495117e-01
9.343130408649999996e-01,7.443413734436035156e-01
5.392808915540000525e-01,6.693381667137145996e-01
8.543630826899999420e-01,7.460767626762390137e-01
8.800141785070000333e-01,8.099153637886047363e-01
7.868859950409999859e-01,6.589446067810058594e-01
7.581638440250000333e-01,7.206655144691467285e-01
7.933785338699999024e-01,7.627998590469360352e-01
5.991792192820000196e-01,7.453896999359130859e-01
7.197573158869999821e-01,6.740905046463012695e-01
9.703102930210000254e-01,7.858638167381286621e-01
1.018443751760000016e+00,7.287176251411437988e-01
1.035331350589999921e+00,8.582221269607543945e-01
7.303594769850000334e-01,7.629593014717102051e-01
3.461762200280000257e-01,5.979247093200683594e-01
6.655176585220000662e-01,7.582366466522216797e-01
9.063136082310000452e-01,7.349720001220703125e-01
8.972189499879998920e-01,7.809615135192871094e-01
8.897038301629999202e-01,6.366884708404541016e-01
9.690805343030000074e-01,7.825934886932373047e-01
4.615443613729999783e-01,6.580247282981872559e-01
6.522678654899999318e-01,6.045903563499450684e-01
8.325497802029999672e-01,7.179234027862548828e-01
7.665547693290000186e-01,6.870843172073364258e-01
6.170956928290000088e-01,5.208339691162109375e-01
6.808930134680000190e-01,5.124030709266662598e-01
5.154436312229999650e-01,5.985422730445861816e-01
6.847926729680000602e-01,6.805342435836791992e-01
7.824369065000000845e-01,7.429919838905334473e-01
9.057308076059999991e-01,7.811456918716430664e-01
6.855855907660000081e-01,7.330924272537231445e-01
7.061052806929999370e-01,7.496311068534851074e-01
8.304963356659998963e-01,6.649951934814453125e-01
1.151954812460000005e-01,4.658100903034210205e-01
9.952576437999999248e-01,7.816307544708251953e-01
7.000944765319999652e-01,7.928490638732910156e-01
9.995179691109999931e-01,8.386752009391784668e-01
9.806220194110000232e-01,9.170262217521667480e-01
5.698319296349999563e-01,7.251324653625488281e-01
7.398299061990000203e-01,7.666752338409423828e-01
9.871473680919999882e-01,7.759826183319091797e-01
6.803126689139999961e-01,6.627984046936035156e-01
8.967019298070000310e-01,8.781331777572631836e-01
5.926829505420000421e-01,6.338269710540771484e-01
8.134975291379999973e-01,7.232820987701416016e-01
5.236683680740000790e-01,7.123982906341552734e-01
1.013063277229999892e+00,7.785372138023376465e-01
6.303765552029999553e-01,7.699840664863586426e-01
9.421826341789999448e-01,7.685670852661132812e-01
9.243452239149999583e-01,8.551405668258666992e-01
7.698603151780000209e-01,8.385363817214965820e-01
5.290334891340000567e-01,7.364698648452758789e-01
1.075755630429999998e+00,8.390754461288452148e-01
5.170195653279999748e-01,6.951677799224853516e-01
1.037372246869999959e+00,8.488368988037109375e-01
7.448870946940000515e-01,7.737917900085449219e-01
6.541087413920000371e-01,6.869682073593139648e-01
9.656908027370000314e-01,7.559633255004882812e-01
6.227983656580000638e-01,8.473942279815673828e-01
9.788951011090000209e-01,7.435861229896545410e-01
4.862088513430000147e-01,6.758395433425903320e-01
6.672050693809999933e-01,6.254702806472778320e-01
6.108836290269999969e-01,6.864132881164550781e-01
6.837523509849999792e-01,5.643354058265686035e-01
8.489175697740000137e-01,6.656877994537353516e-01
5.299496351510000203e-01,6.335237622261047363e-01
5.073156352679999426e-01,6.189926266670227051e-01
9.788302488210000041e-01,8.332588672637939453e-01
8.938881514779999371e-01,7.931104302406311035e-01
1.007083389150000174e+00,7.575603127479553223e-01
9.764601305679999621e-01,8.257365226745605469e-01
9.493634821830000403e-01,7.987123727798461914e-01
7.010024667540000198e-01,7.296449542045593262e-01
6.867937616289999658e-01,7.639616727828979492e-01
5.415825503239999339e-01,7.442766427993774414e-01
8.474528462459999245e-01,7.870714664459228516e-01
6.389323536390000280e-01,6.914026141166687012e-01
8.542743621969999257e-01,7.243328094482421875e-01
5.390962269619999914e-01,6.917744278907775879e-01
4.902803270030000049e-01,7.201727032661437988e-01
5.041973881090000553e-01,7.275823950767517090e-01
7.686359877039999899e-01,7.201576828956604004e-01
9.105559949400000574e-01,7.356066703796386719e-01
7.644252603020000869e-01,7.675434350967407227e-01
7.407050756229999200e-01,7.657223939895629883e-01
7.056234584510000518e-01,7.401100993156433105e-01
7.634352483319999383e-01,7.465940713882446289e-01
6.554277108939999819e-01,7.250786423683166504e-01
8.566630988940000524e-01,7.582381963729858398e-01
8.117533710879999420e-01,7.582381963729858398e-01
6.494058806229999758e-01,7.316327095031738281e-01
7.419016609469999413e-01,7.194147109985351562e-01
7.503443164419999478e-01,7.487209439277648926e-01
8.122558547550000618e-01,6.953809261322021484e-01
5.534664353939999781e-01,7.024691104888916016e-01
5.563730357360000545e-01,6.662447452545166016e-01
5.237288163709999944e-01,7.678245306015014648e-01
5.520605740580000198e-01,5.966836214065551758e-01
4.187835353670000260e-01,6.453596353530883789e-01
9.196238178720000933e-01,7.622338533401489258e-01
7.572675395899999273e-01,7.719016075134277344e-01
9.600127995190000929e-01,8.008717298507690430e-01
1.007623995229999903e+00,7.955278158187866211e-01
5.840950543589999988e-01,7.577199935913085938e-01
6.988433148999999567e-01,7.705270648002624512e-01
1.047039887780000011e+00,8.008717298507690430e-01
7.572512193570000161e-01,7.173385620117187500e-01
9.591931472349999321e-01,7.374750375747680664e-01
5.143854132709999583e-01,7.801127433776855469e-01
6.197602948800000622e-01,8.058257102966308594e-01
6.685790075409999700e-01,7.159914970397949219e-01
9.783056374590000104e-01,7.713487744331359863e-01
7.925487346600000871e-01,7.006366848945617676e-01
8.831050614609999849e-01,7.785542011260986328e-01
5.455665620459999587e-01,7.398849725723266602e-01
8.733448865999999811e-01,7.035064697265625000e-01
5.461251752869999976e-01,6.814923286437988281e-01
7.704239546379999526e-01,7.471229434013366699e-01
7.830046509370001129e-01,7.528270483016967773e-01
5.348258682250000007e-01,6.365570425987243652e-01
7.368424997589999581e-01,6.784957647323608398e-01
8.564282406690000293e-01,6.645024418830871582e-01
8.838017390260000106e-01,7.660737037658691406e-01
6.753863061579998828e-01,6.475151777267456055e-01
8.228303030850000477e-01,6.292281746864318848e-01
5.330352205259999421e-01,7.087105512619018555e-01
4.860099763319999933e-01,6.134051084518432617e-01
6.487702355579999525e-01,7.214739918708801270e-01
9.246472418569999796e-01,8.427917957305908203e-01
4.292085326010000035e-01,6.779190897941589355e-01
